data/400x300ElevASCint16.asc
ncols        400
nrows        300
xllcorner    -156.003330000000
yllcorner    58.996670000000
dx           0.032516650000
dy           0.020022200000
NODATA_value -32768
[rows 0 to 40 of 300, columns 182 to 272 of 400]
513 307 258 297 363 276 225 173 124 108 94 95 90 93 95 94 95 94 95 95 95 95 97 97 96 99 92 95 95 95 96 99 97 95 97 95 97 97 99 101 102 104 100 103 404 153 199 374 535 634 291 633 508 361 545 457 488 379 265 200 224 255 367 464 293 284 346 512 407 549 483 520 381 369 443 375 540 473 416 449 448 503 712 555 525 518 638 442 503 679 372
336 532 508 441 364 221 213 180 145 107 92 94 93 93 94 99 95 92 92 94 95 97 98 97 98 98 95 99 95 98 96 98 98 97 96 97 97 95 100 97 101 100 103 118 224 146 334 347 355 658 620 446 695 524 384 471 483 475 271 482 287 298 344 384 325 373 590 385 381 431 295 295 317 314 433 276 257 284 385 414 619 534 498 368 364 472 474 527 260 428 431
528 343 271 393 275 234 291 194 95 96 90 92 94 94 94 94 93 94 94 93 95 96 97 98 100 98 96 95 97 96 97 96 97 97 98 96 98 96 97 94 99 100 102 183 266 305 434 620 590 507 779 625 743 727 652 652 426 340 455 323 463 364 283 412 333 423 418 269 380 251 264 219 207 214 215 250 323 406 517 443 554 470 329 225 345 345 267 294 201 298 371
195 287 220 264 345 327 186 95 92 95 93 95 94 93 96 95 99 92 94 95 95 99 97 99 98 98 99 94 98 100 98 99 104 96 97 98 97 97 97 98 98 101 119 184 228 337 568 750 722 725 659 447 502 380 471 393 473 438 196 299 203 172 187 221 226 319 240 343 223 193 192 255 345 291 285 257 307 330 311 231 360 377 377 204 298 212 240 187 273 165 166
141 259 459 456 283 164 92 94 94 93 93 94 95 95 95 90 96 98 95 97 97 99 98 98 100 98 99 98 98 95 99 99 100 102 100 98 98 97 96 94 94 100 116 165 244 435 526 620 502 486 508 431 227 460 443 339 252 212 158 150 242 310 400 214 202 170 188 193 184 238 347 248 217 307 233 289 355 282 352 185 267 221 337 221 174 171 160 160 157 159 255
276 488 446 292 285 181 113 93 94 92 95 96 93 90 95 95 95 96 90 96 97 98 98 99 99 98 103 102 100 99 100 98 96 101 98 99 97 98 97 97 95 101 139 216 464 685 472 487 461 294 216 202 180 244 217 226 159 142 190 409 394 385 534 504 263 202 179 199 266 182 213 152 156 165 173 231 278 202 192 164 248 193 187 229 183 153 152 153 154 221 229
290 278 198 202 224 238 119 92 88 92 93 96 96 95 93 105 95 90 92 96 94 97 100 111 129 94 102 101 100 100 101 100 99 99 100 100 99 94 97 99 100 116 239 343 655 531 409 364 284 253 244 237 187 153 268 135 145 200 360 453 634 624 451 385 250 190 164 159 161 143 138 136 135 139 235 235 270 215 152 147 146 144 148 146 148 147 151 158 158 202 206
211 137 159 141 147 157 93 87 93 95 90 95 95 93 94 97 99 96 96 98 97 95 99 96 106 100 106 101 103 101 99 100 99 101 98 99 97 98 100 103 118 208 454 506 326 390 515 380 360 357 404 294 184 138 134 134 171 180 247 440 331 261 227 229 208 169 168 186 135 133 133 134 136 135 138 138 140 140 140 142 136 143 144 145 143 151 149 151 162 166 179
227 165 164 140 181 320 144 87 91 95 92 92 94 94 99 96 94 100 96 98 98 98 100 99 99 98 102 103 97 99 102 98 99 100 99 102 102 100 103 104 251 235 404 477 464 227 378 336 213 168 165 161 141 130 129 157 214 282 432 434 344 249 222 191 221 182 166 136 132 135 134 132 136 136 137 137 139 140 175 142 141 144 145 147 148 148 149 151 156 200 266
247 217 158 145 179 297 169 88 91 93 92 92 100 102 95 96 98 96 96 97 96 99 99 99 100 101 101 101 97 101 102 101 102 101 102 100 102 100 108 115 155 364 201 426 247 321 196 192 179 151 136 125 126 151 228 265 269 391 334 283 356 315 239 344 174 130 132 133 132 132 130 133 132 138 136 137 139 141 140 141 142 143 144 147 149 149 151 150 153 154 157
85 85 125 165 257 127 153 92 91 92 92 95 96 95 95 96 96 96 97 98 98 99 103 98 104 101 103 97 101 100 102 101 101 101 101 102 103 106 108 134 334 225 165 183 174 157 159 131 137 122 125 162 151 192 219 270 328 417 342 399 241 191 272 197 193 126 130 129 132 131 135 133 138 134 136 137 141 141 143 143 144 145 147 149 150 150 151 151 152 153 156
87 91 90 85 202 90 92 91 93 95 97 94 94 94 94 96 96 97 98 99 97 100 103 103 103 107 110 103 100 103 102 102 102 102 102 102 104 106 109 120 174 121 120 114 119 115 125 129 147 169 163 150 196 338 398 447 231 182 248 189 170 169 248 186 127 129 129 130 132 132 134 134 135 135 138 140 141 143 144 144 143 147 148 150 152 151 154 155 152 156 159
131 115 91 92 91 112 97 92 94 95 94 94 97 97 95 95 100 101 100 99 102 103 102 105 107 109 121 102 104 100 102 103 102 102 102 102 105 105 109 138 156 147 162 213 168 221 299 251 165 180 182 323 200 236 310 219 247 167 140 130 138 152 127 130 128 127 131 130 133 134 134 136 138 139 139 140 142 144 146 147 145 145 149 152 153 155 155 155 151 158 162
143 91 91 91 89 91 98 92 95 94 97 95 95 95 95 99 101 104 102 104 105 105 108 111 116 118 118 102 100 106 102 103 102 102 103 102 104 105 138 268 163 148 140 157 201 257 327 286 218 209 229 197 232 301 177 140 133 126 127 123 128 128 126 129 129 129 129 130 131 134 134 135 137 137 140 140 142 146 148 146 148 151 148 153 158 156 157 156 203 158 161
94 92 93 92 92 91 93 92 94 95 96 95 96 98 100 103 109 105 108 108 110 112 115 118 114 112 102 104 102 106 102 104 103 103 102 106 105 117 166 352 325 248 192 297 425 291 227 212 197 151 169 178 178 207 151 123 125 125 124 127 126 127 128 128 130 130 129 133 133 135 135 138 138 140 141 142 145 147 148 150 151 152 151 155 157 154 160 159 160 162 161
95 93 94 93 93 95 97 95 95 96 97 98 101 102 104 112 110 116 116 116 119 121 121 124 122 132 105 103 107 103 103 103 105 108 112 112 135 287 233 165 210 185 188 229 218 194 200 186 194 143 171 298 294 122 122 122 124 124 126 124 127 127 128 128 129 130 134 131 135 137 137 138 141 139 142 143 145 146 149 149 150 152 155 159 159 160 161 160 160 162 164
97 97 92 95 94 93 96 94 96 97 98 102 107 109 117 121 123 125 123 122 125 122 129 126 126 118 103 108 104 102 104 104 107 111 119 176 201 178 138 192 187 273 257 177 223 212 289 254 126 120 207 202 124 119 118 125 118 122 123 126 127 127 128 129 131 131 133 133 136 139 152 140 141 142 144 146 148 149 150 154 152 154 156 159 160 163 159 164 163 166 166
96 95 96 101 97 96 95 97 100 103 108 116 119 122 126 128 134 124 125 133 127 128 132 124 120 109 103 103 108 106 106 107 111 167 174 191 168 158 186 241 256 174 191 131 155 117 128 120 117 120 119 117 119 118 121 123 126 125 127 127 128 132 131 132 134 136 135 137 137 140 142 146 143 145 146 148 151 151 152 153 156 156 157 161 160 163 166 163 166 168 167
99 99 98 100 100 100 100 105 110 115 124 122 130 129 132 134 128 118 130 126 124 119 137 127 122 108 106 105 108 106 106 122 170 338 431 192 191 171 226 232 115 118 116 112 116 116 119 118 117 119 119 121 123 123 125 126 127 128 132 131 131 131 134 134 136 137 139 139 142 223 146 144 146 146 151 151 152 153 156 156 158 159 160 162 163 166 165 165 168 170 171
99 102 104 105 105 112 117 116 122 119 124 130 133 133 141 132 129 132 136 138 134 127 135 124 125 125 116 108 102 107 120 389 266 265 159 162 201 228 111 112 113 113 115 116 115 115 120 121 119 119 122 123 123 125 127 128 130 130 134 132 134 134 135 136 137 139 141 141 143 145 149 148 147 148 152 153 154 157 158 160 160 162 164 164 165 167 167 169 170 169 171
102 119 122 117 120 124 119 121 123 127 131 150 133 138 157 144 137 139 136 118 129 131 131 130 115 120 109 108 111 107 347 248 166 139 112 148 263 111 113 112 115 113 109 118 115 114 115 118 120 124 125 126 127 134 130 130 133 133 135 137 137 137 138 138 140 139 144 145 146 148 149 154 154 150 154 154 157 159 160 162 163 164 166 167 167 169 169 170 173 173 173
103 127 126 124 123 121 125 125 130 138 142 157 145 157 148 147 143 142 136 130 140 124 113 120 111 108 108 112 111 109 317 209 175 152 111 108 113 113 114 109 116 110 114 114 115 116 118 119 121 124 128 126 129 130 132 133 134 138 137 139 139 138 139 141 142 142 144 146 148 147 149 154 154 152 154 156 158 160 161 162 163 167 167 168 169 172 171 172 174 174 174
103 131 134 138 129 139 145 138 142 157 160 152 144 152 146 137 146 134 141 124 127 118 112 112 113 112 113 110 126 110 111 109 112 111 112 111 110 111 113 112 113 117 117 118 122 121 120 121 123 126 129 132 134 132 136 136 138 139 141 142 142 142 143 146 146 146 147 149 152 151 154 152 156 156 157 159 161 163 165 166 168 169 171 173 172 177 175 175 175 177 178
105 134 143 150 137 124 159 160 161 172 158 153 172 144 155 155 141 132 131 126 119 115 115 114 114 113 114 114 111 112 110 113 112 110 111 113 114 116 116 117 118 119 122 121 122 126 126 127 129 129 133 137 136 135 137 139 140 144 144 145 147 148 145 146 150 149 152 153 154 155 157 157 157 160 163 161 162 165 167 169 171 173 174 177 177 177 179 179 179 179 183
105 167 141 128 154 159 163 157 149 145 159 165 158 149 155 139 141 129 125 121 120 118 119 117 116 118 118 119 115 115 114 115 117 115 116 117 120 120 123 122 123 125 126 125 129 130 133 131 131 134 136 138 139 142 142 142 145 144 148 152 151 152 156 154 154 157 156 157 159 159 162 162 162 163 165 165 167 168 170 172 173 175 178 180 180 182 183 183 183 185 183
154 147 151 157 155 141 150 154 163 147 163 164 160 159 143 141 135 127 125 125 123 122 122 123 121 122 119 118 120 116 117 119 120 121 122 123 123 123 126 128 132 129 130 133 134 135 135 138 138 138 141 143 141 143 145 149 148 149 152 153 155 157 161 162 162 162 162 163 167 171 166 168 168 168 171 170 170 170 170 173 176 180 181 183 184 186 187 188 188 189 188
170 167 172 156 155 174 151 157 161 167 165 163 156 152 134 131 129 128 129 128 126 126 126 120 124 123 122 124 121 119 122 121 123 122 125 129 128 128 130 132 134 133 134 136 138 140 141 142 142 143 145 146 146 147 149 151 155 153 155 160 161 169 165 167 167 167 169 169 172 175 173 178 176 176 178 176 174 172 173 175 179 181 185 188 189 189 192 193 194 193 193
163 165 160 169 165 143 163 138 162 165 163 164 164 144 135 135 135 135 134 131 129 130 131 128 128 127 126 127 125 123 125 126 125 127 129 131 134 135 136 135 137 139 142 141 144 145 146 148 149 149 151 152 152 153 156 157 157 159 218 166 167 166 169 172 175 175 173 177 178 182 183 183 184 186 188 189 183 177 176 179 182 184 190 192 196 197 196 198 199 197 197
170 170 167 169 167 183 147 164 153 172 163 156 144 140 139 139 141 139 139 135 134 133 130 132 133 132 131 129 126 128 128 130 129 130 132 136 138 141 141 143 143 143 146 147 146 151 152 153 155 155 157 157 157 158 160 162 163 164 167 167 170 171 174 178 179 183 185 186 187 189 192 192 194 196 197 197 194 200 199 200 184 187 193 200 207 205 203 203 203 204 202
173 172 175 161 172 136 146 159 175 170 157 145 145 144 142 142 148 143 143 140 136 135 136 138 140 138 136 138 130 130 131 133 135 135 137 140 143 144 147 148 148 149 150 150 154 156 157 160 161 160 162 165 163 164 167 167 168 169 172 174 174 178 180 182 185 190 193 195 195 197 201 201 205 207 208 208 206 210 212 212 212 207 219 222 215 218 210 220 210 207 207
172 164 167 165 166 149 158 163 162 163 158 153 152 149 152 154 149 147 144 142 141 141 141 143 145 144 144 142 138 136 135 137 137 140 146 144 147 149 153 155 155 157 156 155 156 160 162 165 169 169 172 172 171 174 174 173 174 176 174 180 182 182 185 190 191 194 201 203 205 207 209 213 215 217 220 222 220 224 225 226 225 386 402 258 238 232 312 239 215 216 214
158 162 162 153 163 161 158 156 158 160 159 157 162 158 156 154 151 149 148 148 145 147 148 150 153 151 149 147 145 142 141 140 142 144 146 151 153 155 157 161 161 162 164 164 163 167 168 173 176 176 179 179 180 183 184 183 184 185 185 185 189 190 191 195 199 202 206 210 214 219 220 225 226 231 231 234 234 235 235 238 236 265 328 296 312 242 254 240 222 226 225
153 153 151 152 153 157 166 169 165 168 162 163 161 161 160 156 151 154 152 150 151 153 155 159 159 157 153 151 150 148 146 145 148 151 154 157 158 159 165 169 169 169 170 170 170 171 175 178 183 185 187 189 191 192 193 194 193 196 196 193 193 197 198 202 207 211 216 218 224 229 235 236 241 244 246 249 248 248 251 252 321 316 262 253 265 254 276 275 279 239 233
155 155 156 156 169 177 177 176 177 179 173 167 165 161 162 161 161 159 158 158 160 160 164 165 166 163 163 160 157 155 152 154 154 156 157 162 165 169 172 178 178 180 179 178 175 177 179 183 194 196 197 198 203 204 206 208 207 205 204 203 202 198 205 204 214 220 225 230 235 239 244 251 254 262 261 262 262 264 264 270 272 281 312 278 284 280 284 296 286 284 250
166 172 209 223 235 224 207 196 184 183 176 174 167 169 170 169 167 166 167 166 169 170 172 175 175 172 172 170 164 163 158 159 159 162 167 169 174 178 183 185 191 187 186 184 185 182 184 190 200 205 211 212 216 218 220 220 219 221 217 216 214 210 214 217 224 228 233 241 246 253 258 265 269 275 278 280 281 280 279 289 287 291 296 294 299 302 297 297 297 269 290
161 205 209 228 277 267 282 242 194 180 180 176 174 176 179 175 170 172 173 175 176 179 181 183 182 181 180 178 174 168 166 165 167 171 175 178 183 189 194 197 196 198 196 193 190 187 188 196 204 215 222 228 232 236 237 238 237 235 233 230 232 228 231 231 233 240 245 251 259 265 271 277 285 289 294 296 297 298 297 303 302 307 306 309 311 314 309 305 292 304 290
168 200 265 274 398 358 338 240 193 186 185 182 181 187 187 184 182 182 182 183 184 188 190 189 190 192 190 186 182 183 177 171 172 176 185 189 196 204 207 212 213 212 206 200 196 196 198 205 214 223 235 245 250 252 256 257 254 252 248 248 247 249 253 254 250 259 261 267 271 275 284 292 301 304 311 314 316 317 314 320 322 322 323 324 325 328 327 318 320 311 304
175 174 265 268 264 345 260 210 194 192 197 194 195 202 196 198 191 191 190 189 195 198 201 201 200 201 198 195 194 188 184 179 181 186 194 201 209 215 220 227 228 223 221 213 207 210 219 219 231 239 248 260 272 274 277 279 274 269 268 273 273 271 274 277 279 283 286 290 290 290 295 308 315 321 329 333 334 337 334 341 339 342 338 342 345 347 342 333 337 329 323
182 183 186 222 235 329 240 202 201 203 206 210 208 213 210 208 206 202 199 196 201 208 211 214 205 211 208 206 202 197 200 192 181 198 210 220 227 235 236 246 247 239 229 241 248 248 257 263 258 265 266 278 288 297 301 301 295 290 298 299 301 300 305 307 315 317 318 324 323 312 310 318 328 337 348 353 353 358 359 360 358 358 355 358 363 364 356 361 352 349 344
189 190 193 203 208 208 204 208 207 211 216 219 224 227 229 224 221 216 207 208 215 220 223 225 215 222 224 219 215 219 230 250 298 287 252 265 264 276 263 260 259 606 609 669 582 442 360 514 479 337 314 302 320 317 323 323 313 322 334 338 337 339 350 343 361 362 356 365 367 359 364 339 343 356 363 371 376 382 381 378 378 370 370 374 382 382 378 386 380 371 355
196 204 200 203 206 211 225 230 230 246 229 237 238 242 243 292 241 402 324 259 247 246 241 238 225 253 270 299 322 325 270 343 354 364 442 419 485 483 588 666 363 650 708 742 599 565 634 607 498 456 474 503 398 430 341 339 342 362 374 387 384 388 402 439 445 441 478 413 585 616 500 590 565 431 397 385 395 403 402 405 397 390 389 393 400 403 404 403 399 396 380
