data/400x300ElevASCint16.asc
ncols        400
nrows        300
xllcorner    -156.003330000000
yllcorner    58.996670000000
dx           0.032516650000
dy           0.020022200000
NODATA_value -32768
[rows 41 to 81 of 300, columns 91 to 181 of 400]
445 388 319 377 578 500 434 349 328 375 372 366 315 299 334 268 234 241 337 406 413 796 736 488 344 424 365 391 522 473 440 471 503 639 689 513 349 407 586 590 530 423 399 373 298 256 248 228 266 255 284 303 237 226 209 222 205 207 191 188 187 180 188 212 211 241 258 259 219 209 193 185 137 139 138 156 173 186 173 185 210 192 173 185 181 188 194 197 199 203 207
384 297 440 725 770 613 425 379 388 395 450 339 268 318 295 227 228 241 256 309 449 528 549 393 315 324 414 437 414 356 443 558 555 585 452 364 365 559 484 379 360 368 365 331 293 254 260 222 257 219 210 233 240 207 200 192 211 190 184 170 173 201 186 202 270 247 207 214 244 208 158 139 138 138 146 152 147 152 156 160 166 172 176 182 192 198 204 209 212 217 218
361 461 568 903 599 574 451 417 444 343 321 307 272 309 233 223 224 246 291 367 318 315 320 298 277 366 345 380 321 382 451 624 538 572 383 327 362 323 290 301 316 377 430 275 245 228 217 225 210 212 293 281 231 197 192 185 196 175 173 170 170 210 199 226 311 218 307 229 185 174 220 140 144 142 147 192 174 173 189 194 183 197 185 190 197 208 214 222 227 232 233
380 450 769 1034 927 894 552 363 344 302 315 250 284 245 219 220 228 289 253 233 245 251 253 403 341 279 340 302 376 521 458 386 511 546 363 273 261 292 402 401 423 399 320 254 219 229 212 210 209 243 334 262 208 204 191 194 189 171 166 166 170 217 303 284 254 293 258 252 214 218 147 143 140 145 167 172 167 183 187 186 200 205 213 198 207 217 227 236 242 246 254
464 655 800 833 539 572 405 338 300 280 261 238 248 233 217 216 240 270 242 228 277 303 302 301 274 340 278 316 477 370 435 525 599 373 268 248 249 258 285 325 390 272 241 229 212 211 207 208 226 227 223 220 208 199 209 187 188 165 163 162 164 218 571 249 261 221 185 211 154 146 146 144 142 146 165 194 202 182 197 178 180 205 224 237 236 255 240 252 259 262 264
499 555 551 574 470 402 413 346 301 262 256 230 245 231 213 214 224 240 240 234 266 373 443 340 366 277 270 301 321 398 339 294 290 270 235 327 299 304 406 422 330 267 212 202 202 202 205 220 258 259 244 225 237 214 220 188 175 165 160 161 275 375 214 224 189 189 148 148 148 144 144 145 144 156 170 180 196 193 207 209 187 206 235 234 239 276 302 273 280 278 277
471 493 514 633 537 383 342 324 262 273 247 255 226 219 210 225 240 247 218 225 313 258 267 243 274 249 262 377 403 436 384 415 444 246 224 218 271 344 227 240 192 196 198 199 198 204 231 394 313 265 267 239 257 212 209 189 166 164 159 232 189 223 156 153 152 149 151 173 147 147 144 144 170 186 183 188 204 193 208 227 240 254 262 297 271 354 329 329 317 292 292
402 539 676 493 473 359 389 288 283 253 261 238 239 208 218 248 259 227 211 210 220 275 225 230 234 256 297 402 442 548 508 375 319 242 214 210 257 206 189 190 193 197 197 197 195 209 373 379 306 329 302 269 241 206 208 178 160 155 157 158 158 156 155 155 154 153 158 152 152 155 149 149 189 176 188 203 190 219 227 242 267 263 293 340 403 411 375 433 358 317 308
540 488 369 368 389 359 319 315 263 256 260 266 299 203 204 221 228 207 208 237 214 216 225 259 312 362 303 360 358 510 430 472 255 222 208 204 263 204 196 195 195 191 193 196 194 198 214 311 381 556 331 276 254 213 185 169 160 174 161 157 158 156 156 155 158 155 153 151 152 152 147 181 165 184 180 192 219 236 246 261 277 340 431 379 468 623 681 569 359 406 327
481 386 348 285 409 347 284 310 310 307 406 349 320 245 203 203 202 207 207 220 214 290 313 332 421 303 313 418 468 350 344 266 233 213 206 197 200 201 192 191 190 193 190 192 189 359 249 265 373 480 281 208 222 199 191 164 162 160 162 160 158 158 157 160 157 156 155 152 154 154 176 170 187 176 181 202 206 217 265 306 298 407 498 460 564 925 550 409 669 582 339
542 418 368 280 391 306 303 383 314 354 418 369 298 243 218 200 216 242 236 226 247 238 280 375 356 259 281 402 403 477 280 362 229 207 199 197 196 193 192 192 194 190 195 192 190 243 424 309 459 346 237 201 190 181 172 167 160 161 162 160 159 158 159 159 158 156 155 155 154 155 193 175 179 177 188 211 221 245 265 339 412 450 705 560 703 823 556 542 699 472 348
371 320 391 364 263 281 409 414 306 440 404 293 250 199 200 250 330 290 240 263 287 255 289 228 300 212 298 386 437 341 370 229 205 196 198 195 197 205 190 193 189 194 190 193 191 203 381 420 429 301 249 204 183 174 167 167 164 162 162 163 160 163 161 160 158 162 156 155 155 159 170 177 181 177 195 215 230 284 327 319 549 688 480 807 1059 667 503 679 636 392 356
321 267 252 272 234 362 376 303 401 380 268 207 196 226 319 277 257 294 331 343 317 239 313 276 192 197 215 250 324 345 225 198 193 196 197 195 200 193 195 195 194 192 190 189 193 213 444 214 223 472 279 179 176 171 169 167 165 165 163 163 164 164 163 161 161 160 161 157 158 183 172 172 188 202 207 242 244 282 398 570 744 665 468 506 576 733 749 686 585 372 376
455 433 289 228 338 364 260 299 270 213 193 191 203 236 256 241 231 258 263 217 205 216 286 214 192 192 192 255 289 207 196 194 196 194 198 198 200 209 197 194 196 191 194 189 189 371 184 184 343 174 175 176 172 173 170 169 171 167 165 175 167 165 168 164 164 166 163 158 164 192 182 199 201 220 235 257 289 429 668 490 705 520 479 649 789 601 582 629 396 387 453
349 333 311 223 203 226 217 192 245 226 209 200 247 235 213 233 274 317 276 205 215 300 259 192 192 192 192 192 242 198 193 197 196 198 199 197 203 201 197 197 194 194 193 188 190 188 184 244 179 180 176 177 175 174 175 173 172 171 175 171 170 172 171 168 167 166 163 177 164 176 205 205 204 221 241 275 378 603 657 543 539 595 744 875 619 550 549 409 400 408 526
508 335 266 276 231 194 189 238 231 254 200 208 218 228 235 266 308 307 256 203 193 192 198 192 192 202 240 197 198 194 195 198 196 200 201 203 202 202 199 196 197 201 192 192 188 184 184 184 183 181 179 181 178 179 176 178 174 177 173 173 173 173 178 175 171 169 178 181 181 198 219 232 230 280 292 424 493 516 377 476 691 689 756 638 525 561 426 577 420 464 440
214 223 247 184 185 187 203 253 236 204 240 243 240 229 282 351 293 282 222 225 198 194 195 195 194 197 199 198 199 198 198 199 201 200 202 203 205 201 201 202 196 223 196 193 191 189 188 184 185 186 184 184 185 183 183 183 180 178 178 179 182 182 177 177 176 175 177 176 180 181 192 213 240 294 312 375 482 582 722 801 785 638 700 692 475 443 451 459 436 452 461
235 210 196 185 192 227 276 300 240 244 353 349 261 278 284 273 270 278 267 222 209 194 196 198 199 198 201 201 201 201 200 200 200 201 204 205 207 204 204 217 240 214 203 201 196 195 192 193 190 191 190 191 191 189 188 188 187 185 183 187 185 186 182 185 181 180 182 182 193 220 220 261 322 306 367 461 570 839 742 743 675 608 567 496 468 470 468 463 459 471 488
183 184 205 226 312 320 245 214 259 322 405 475 278 290 285 292 280 252 237 235 217 196 195 200 202 204 203 204 203 201 203 203 204 205 213 230 209 209 314 259 226 205 204 203 200 198 198 197 197 197 197 199 198 197 195 196 194 196 191 196 192 193 194 194 192 190 198 207 225 240 281 325 330 385 562 757 788 761 772 695 636 609 496 528 479 493 491 484 482 505 502
207 306 350 281 243 236 217 273 366 417 487 342 286 298 303 267 258 245 251 244 229 207 201 201 205 206 206 213 205 206 204 206 207 210 211 236 211 214 292 252 210 207 210 206 204 206 205 204 204 205 207 209 207 207 203 204 201 205 204 208 206 207 210 204 205 205 216 257 362 372 351 449 677 649 653 725 821 680 665 579 712 578 596 567 605 506 513 511 514 557 547
275 407 356 315 240 219 273 306 377 319 291 289 419 333 270 253 235 291 261 230 221 202 199 203 207 209 210 208 210 209 210 220 214 216 216 219 214 216 217 216 219 228 208 211 211 213 212 213 215 216 217 217 219 216 213 215 215 217 218 220 224 222 219 218 216 245 297 455 526 504 569 703 600 812 826 925 760 814 649 638 843 614 534 640 745 535 549 554 575 554 582
423 459 296 247 228 296 321 461 311 279 480 300 269 263 262 247 236 218 225 227 210 210 207 216 214 213 215 216 221 218 225 232 225 222 221 220 219 220 225 222 237 219 220 225 225 229 229 230 231 233 235 237 235 236 232 232 235 240 244 248 248 250 242 237 313 410 487 548 529 423 481 567 603 641 836 1022 1197 947 1029 805 972 821 628 550 606 574 637 699 644 646 631
490 511 315 254 229 231 361 265 245 291 341 304 269 247 248 239 234 224 228 220 228 213 213 218 220 223 216 231 231 231 235 228 225 224 223 223 224 227 235 237 228 226 227 232 236 237 241 242 244 245 248 249 250 249 244 243 251 257 264 267 270 284 290 247 371 485 432 367 482 442 699 536 485 623 824 1271 1003 890 1086 1045 917 831 699 571 627 641 584 650 725 720 709
524 411 265 234 249 234 241 231 233 244 256 313 253 240 247 243 237 229 238 227 238 233 239 230 229 241 222 236 237 237 231 229 228 227 229 227 237 243 241 239 233 234 236 240 245 248 253 256 257 259 261 262 264 262 258 257 265 278 283 290 295 321 321 370 413 401 399 475 559 573 674 842 825 1073 1151 1044 823 750 729 950 817 630 625 642 714 704 652 616 678 751 800
478 301 237 232 269 250 288 283 257 240 238 246 241 248 244 243 241 243 246 243 240 239 244 246 245 241 242 249 240 234 233 233 229 231 235 240 243 247 242 239 242 241 245 248 253 259 263 269 270 273 276 277 279 276 272 289 281 295 310 314 315 382 314 381 366 411 383 572 516 744 760 929 952 1352 1110 863 780 785 705 731 876 600 793 621 662 784 731 687 648 702 841
292 247 242 250 285 292 284 283 278 277 266 252 257 249 242 251 244 251 249 249 247 254 250 246 255 244 243 242 241 239 242 239 236 239 239 248 252 251 244 245 247 250 253 257 262 268 275 279 283 288 291 292 293 291 308 309 294 311 329 339 334 425 350 453 349 482 349 389 493 525 770 878 990 1405 1233 829 987 1131 994 680 687 649 800 686 661 742 811 731 674 682 783
266 257 258 277 300 297 294 289 278 266 263 256 251 249 249 251 251 255 253 257 255 258 259 254 256 252 249 246 243 244 245 242 243 245 246 247 254 259 250 253 261 256 257 266 272 278 285 290 299 301 305 307 309 306 329 305 348 347 392 385 358 449 387 488 356 518 495 575 537 610 522 705 711 1177 1143 1070 1088 810 1075 804 668 922 818 733 674 703 772 836 771 709 750
264 264 281 310 309 300 289 276 267 256 256 251 247 248 249 254 255 260 262 261 262 261 263 254 256 253 247 246 244 250 254 249 250 252 254 257 258 266 259 261 260 264 272 273 280 287 293 303 310 315 320 323 323 322 346 382 395 410 376 423 382 410 409 440 455 652 568 638 825 795 854 971 1149 873 1241 1302 1082 1085 894 740 1074 985 900 861 701 790 752 900 1311 990 780
269 304 300 311 307 293 278 272 260 253 252 247 250 249 259 255 259 263 261 262 266 259 260 253 255 245 250 248 251 255 255 254 261 260 262 273 270 270 274 279 273 274 276 283 284 295 303 314 320 328 333 338 339 360 366 421 413 481 391 472 409 426 474 528 468 522 473 550 581 611 625 810 853 1175 958 1077 985 866 734 1063 930 1064 1022 985 762 929 847 818 1151 1263 834
285 318 311 317 292 281 269 265 257 246 251 247 251 253 257 260 263 267 263 266 261 254 257 257 254 247 250 255 253 257 258 259 272 264 265 277 273 278 287 272 278 278 282 287 290 299 305 316 324 332 342 345 347 374 378 429 433 451 399 488 464 434 510 522 539 633 651 863 746 843 812 1006 1097 1174 1090 923 902 773 920 879 857 974 1230 1046 779 1095 879 862 1145 1244 1136
290 322 310 287 276 266 260 253 248 245 252 251 259 256 262 264 266 266 268 266 260 256 261 265 257 255 264 277 259 258 267 265 268 273 275 290 289 293 288 288 291 293 292 300 300 304 312 325 330 344 349 360 363 392 398 431 440 472 483 509 511 453 556 634 793 749 802 944 1174 975 1187 1068 1056 1082 869 977 816 1083 1086 1060 1105 1171 1138 873 975 1172 832 958 1281 1397 1045
310 289 278 269 261 256 250 248 250 252 254 252 257 259 260 267 261 260 259 259 269 300 263 263 266 264 263 260 301 293 272 277 276 282 284 296 312 304 310 302 310 307 318 310 312 315 319 329 363 390 368 379 378 409 414 441 494 500 480 504 556 528 650 932 1033 1008 981 926 971 1037 852 1193 838 803 985 913 972 909 999 1124 1003 1010 1008 863 952 1047 965 1044 1198 1425 1149
307 259 261 249 251 246 246 248 250 250 252 258 259 258 264 261 262 264 273 299 308 289 269 283 291 287 276 288 309 298 323 285 288 291 295 296 313 319 337 316 320 328 336 326 329 332 370 330 368 382 396 444 389 409 447 486 498 531 540 566 625 707 682 645 612 820 1038 1141 756 903 969 865 728 700 728 778 825 957 988 1043 1126 1000 897 915 1250 974 1019 1463 1273 1257 1154
248 237 239 237 236 241 241 243 248 249 252 257 254 257 260 260 265 294 328 306 276 278 293 286 295 304 283 272 299 304 317 314 309 300 303 306 323 326 328 332 337 341 340 365 346 351 388 381 404 420 463 470 493 402 468 545 586 640 630 828 880 955 691 657 560 566 712 659 598 622 631 648 707 760 792 792 846 958 942 1001 1110 1009 976 1134 1370 1111 983 1177 1235 1547 1574
225 226 227 227 234 239 242 235 237 242 244 250 252 262 263 290 290 289 313 284 282 283 292 296 297 299 303 313 287 317 312 327 316 326 311 317 325 337 345 345 350 366 362 357 365 369 392 414 433 476 536 564 573 544 459 653 642 757 801 829 1117 831 746 831 732 686 626 826 780 823 775 809 749 771 875 893 883 949 1034 975 1055 1033 983 1060 1227 1068 1111 1472 1724 1254 1088
217 218 222 222 226 228 229 235 244 246 253 254 260 273 275 271 283 291 327 309 287 289 290 303 315 298 300 315 299 315 309 338 313 330 324 328 331 344 351 362 367 373 382 392 382 391 433 465 534 576 585 631 617 570 544 537 691 785 905 818 951 804 791 879 870 812 610 739 706 770 828 779 848 838 772 921 974 1005 1153 1068 979 1121 1252 1290 1055 1269 1076 1232 1212 1157 1508
214 218 221 224 226 232 236 238 241 248 253 265 266 286 276 281 281 313 312 294 295 293 303 316 328 310 317 311 313 309 320 367 325 338 372 360 339 362 358 373 381 391 398 396 404 424 436 527 564 585 624 635 642 590 530 494 552 610 647 692 707 725 744 773 776 809 674 652 837 839 833 850 883 912 921 828 852 839 854 895 1063 1311 1079 1129 1434 1234 1174 1134 1354 1472 1563
215 219 223 227 233 233 238 241 246 250 253 273 279 291 295 290 297 292 311 319 299 302 318 324 323 305 323 345 335 335 400 357 352 428 462 355 359 381 385 391 395 405 415 422 441 483 476 522 563 574 594 599 611 587 545 535 537 548 500 563 584 605 641 627 608 602 601 614 627 656 695 734 771 803 817 830 840 880 941 903 966 995 1229 1419 1213 1148 1320 1531 1578 1571 1340
221 224 228 239 242 246 247 263 250 255 259 264 280 298 302 311 306 310 310 312 309 312 316 348 319 321 348 573 430 510 600 394 430 526 370 371 390 389 406 415 421 432 427 453 473 495 504 511 521 490 505 551 594 575 578 555 550 563 543 547 539 547 555 556 570 609 600 624 629 645 660 674 690 711 728 744 770 839 884 902 925 897 929 956 1084 1276 1277 1540 1636 1215 1553
222 228 231 241 248 251 252 265 264 273 265 271 275 284 300 325 307 316 308 324 322 321 324 333 339 361 442 402 460 424 524 441 403 438 385 386 421 405 412 427 436 450 460 457 475 495 519 542 529 545 527 568 553 573 591 592 560 558 582 567 564 581 589 625 598 636 685 701 711 713 719 706 702 713 732 749 779 798 856 877 968 1028 1122 1268 1063 1090 1351 1496 1687 1332 1992
225 233 240 246 251 261 261 272 275 276 275 276 281 292 291 308 320 316 317 332 333 331 337 338 339 357 363 422 412 458 428 402 420 403 405 405 410 441 435 442 459 476 481 490 490 486 517 521 548 558 553 558 588 574 574 584 598 597 605 605 597 610 623 675 698 755 753 767 783 797 832 843 854 839 853 887 1061 1157 984 863 898 974 1237 1430 1357 1100 1278 1357 1710 1485 1695
