data/400x300ElevASCint16.asc
ncols        400
nrows        300
xllcorner    -156.003330000000
yllcorner    58.996670000000
dx           0.032516650000
dy           0.020022200000
NODATA_value -32768
[rows 82 to 122 of 300, columns 91 to 181 of 400]
229 235 238 244 252 258 272 274 282 288 283 295 289 292 304 310 312 321 326 331 345 346 348 356 357 363 429 389 398 525 453 436 437 430 421 424 430 455 451 472 476 489 506 516 517 515 518 526 554 598 593 586 591 604 614 599 613 652 642 664 701 718 659 702 773 668 718 730 744 768 761 778 816 845 895 901 906 1234 1058 1120 977 1048 1100 1146 1320 1378 1433 1792 2047 1901 2012
232 240 249 247 260 269 271 279 285 293 307 307 304 308 310 341 328 336 343 349 356 365 363 373 380 387 401 417 414 446 442 456 454 443 451 455 460 468 479 498 507 511 544 561 561 546 546 563 579 582 592 612 629 650 669 676 668 690 739 726 737 779 856 724 835 799 760 773 768 780 964 890 857 929 923 1194 1067 1068 1297 1196 966 996 1143 1420 2106 1931 1807 1549 1947 1887 1710
240 243 245 257 262 281 291 290 303 303 307 320 317 321 321 343 344 348 356 363 368 372 379 388 393 403 414 425 433 441 460 465 471 475 467 476 483 493 506 517 533 588 621 611 620 602 571 591 609 615 619 624 647 678 703 724 743 767 808 755 784 843 915 766 913 845 801 971 1120 840 1101 1095 990 1017 1372 1043 1149 1328 1563 1489 1376 1093 1119 1215 1624 1836 1948 1720 1525 1406 1411
237 246 258 265 281 288 300 293 310 318 318 322 327 331 334 355 359 361 371 383 383 388 396 392 415 417 432 439 460 459 487 483 477 488 504 495 510 519 526 529 573 650 650 640 651 670 603 615 641 660 656 656 676 721 757 772 787 808 872 847 824 918 928 812 948 965 1000 909 1374 1185 1101 1456 1155 1161 1368 1124 1362 1662 1857 2021 1650 1306 1190 1246 1335 1623 1513 1382 1325 1275 1151
253 265 259 271 280 299 303 318 309 332 338 332 337 342 347 355 368 373 386 391 409 412 411 426 430 439 456 460 467 484 499 508 505 511 519 513 527 544 554 564 596 693 690 654 674 751 642 667 712 739 813 810 724 784 837 834 843 864 884 946 888 947 899 979 1263 1081 1141 1253 1194 1489 1077 1492 1676 1576 1740 1428 1823 1758 1386 1360 1307 1267 1314 1475 1998 2092 1825 1481 1922 1568 1412
265 286 298 274 291 315 325 339 342 325 350 342 347 353 358 366 380 390 397 411 437 500 427 491 557 559 534 494 487 494 509 506 505 526 538 540 549 560 581 616 660 704 738 685 696 777 722 759 859 958 896 1037 843 841 878 905 903 993 999 994 1001 1159 1033 1129 1558 1707 1881 1349 1377 1528 1591 1476 1515 1712 1528 1517 1505 1477 1443 1554 1507 2223 2376 1730 2445 2116 1692 2313 1663 1440 1488
286 295 305 303 288 325 346 361 356 352 356 351 359 366 372 376 392 400 421 419 461 469 468 449 466 484 491 500 498 510 524 525 522 528 551 566 593 609 633 651 661 733 811 767 773 811 856 983 1013 1194 937 904 965 950 949 1105 1007 1039 1260 1139 1265 1544 1267 1170 1278 1516 1809 1578 1771 1778 1724 1659 1662 1590 1579 1577 1538 1735 1924 1833 2823 2187 2058 1893 1737 1572 1869 1921 2370 1773 1934
287 288 297 318 309 304 376 417 367 367 351 365 373 385 384 388 400 408 425 439 453 456 464 464 473 481 492 518 531 542 549 549 566 574 602 629 635 699 694 692 686 693 768 802 789 787 1092 1235 1107 1141 975 1011 996 1084 1183 1172 1140 1213 1224 1590 1655 1882 1546 1255 1342 1562 1742 1904 1848 1903 2187 1737 2013 2749 1693 1683 2126 2645 2136 3080 2735 2531 2645 2270 1801 1809 1466 1986 2188 1592 1458
295 344 320 354 324 346 352 364 357 379 363 372 384 397 408 398 404 422 435 438 448 467 475 479 488 489 500 528 534 554 558 574 601 648 658 687 715 679 771 741 756 748 716 790 812 824 1020 1339 1271 1178 1072 1178 1279 1194 1438 1453 1331 1549 1625 1809 2078 1679 1389 1313 1695 2164 2382 2132 2939 2299 1825 1811 2136 3533 2440 1841 2014 2510 2619 3104 3273 2672 2431 1806 2430 1497 1435 1356 1612 1841 1902
291 308 320 312 335 433 356 413 409 358 372 382 389 403 417 413 411 425 438 448 454 466 478 488 492 503 516 529 540 562 584 592 614 648 685 711 757 692 744 819 796 810 781 749 801 839 931 1184 1282 1208 1170 1193 1416 1203 1423 1529 1556 1826 1916 2560 1879 1599 1382 1623 2256 2825 2238 2699 3042 1924 1865 2259 2497 3302 2625 1944 2137 2423 2990 2514 2975 2391 2804 1980 1670 1554 1555 1323 1288 1799 1461
292 319 324 327 372 575 390 497 434 353 386 391 402 412 425 432 425 431 449 453 465 470 480 492 505 535 527 530 544 557 592 603 628 659 708 753 779 803 785 815 841 850 894 896 807 1041 1114 1182 1140 1335 1530 1428 1436 1452 1544 1733 1880 2353 2260 1915 1787 1559 2108 2775 3255 2595 3267 3211 2297 1952 2092 2757 3175 2635 2271 2171 3233 2879 2327 2396 2577 2206 1806 2079 2074 1961 1795 1529 1231 1184 1357
341 444 320 410 419 536 530 586 453 367 388 395 407 423 443 449 445 443 448 463 470 479 488 497 511 536 536 547 566 574 619 627 661 684 684 680 712 731 764 800 863 882 907 963 885 965 1420 1758 1309 1239 1300 1477 1735 1944 2275 2687 3171 2703 1944 2196 2061 2358 2520 3486 3361 3225 2826 2924 2401 2046 2465 3104 3168 2521 2782 3271 2722 2468 2042 1753 1648 1653 2773 2320 2400 1980 1511 1698 1326 1464 1095
552 421 383 492 503 509 435 400 395 375 398 407 414 444 442 460 462 457 461 470 474 488 497 508 528 539 545 558 575 588 596 647 667 728 720 723 725 731 750 769 794 818 989 1164 1240 1271 1326 1079 1546 1632 1469 1382 1456 1691 1949 2427 2322 2263 2330 3133 3771 4017 4470 4552 3440 3156 2291 2212 2144 2106 2415 2625 3843 3008 2813 2422 2014 1700 1681 1510 1463 1641 1550 2148 2105 1529 1303 1333 1626 1713 1015
529 525 410 433 418 556 471 433 409 394 406 422 434 441 463 528 478 477 476 484 489 493 506 518 531 554 579 573 605 594 615 634 652 712 732 762 801 822 865 882 1067 874 939 1296 1439 1390 1621 1465 1268 1580 1848 1823 2118 1613 2035 2442 2428 2502 3194 4348 5015 5628 5857 4811 4697 3334 2465 3068 3071 2247 2357 3599 3290 3372 2755 2594 2537 1755 1599 1955 1501 1328 1292 1174 1326 1658 1556 1438 1047 1337 970
525 425 413 383 522 409 396 402 480 407 407 419 434 464 504 492 496 490 492 499 503 508 512 518 534 551 580 610 650 673 658 644 672 714 721 756 799 828 924 1336 1216 1325 1092 960 1292 1783 2008 1835 1676 1446 1584 1982 1756 2031 2627 2760 2913 3088 3508 4609 4601 5665 5739 4655 4424 3897 3461 2718 2420 2546 3274 3047 2898 3144 2647 2452 1719 1708 1738 2189 1971 1380 1233 1180 1090 1065 1002 1217 941 1561 976
548 460 365 426 404 406 562 424 457 423 422 428 458 481 493 514 520 531 519 516 525 528 533 538 538 554 598 679 686 711 760 694 707 752 749 795 837 1041 937 982 1070 1300 1414 1126 1160 1297 1712 2460 2338 1554 1739 2107 1962 2374 3043 3729 2787 3145 3287 3550 3406 4306 4956 4962 4084 3879 3644 3248 2898 2495 2272 2602 2277 2422 2593 1988 1898 2039 2180 2342 1730 1577 1485 1258 1095 1036 978 941 922 1559 891
404 360 382 407 429 426 577 538 439 441 438 451 470 502 551 507 542 540 586 568 542 547 551 565 566 579 596 730 774 762 819 728 766 799 820 886 935 1081 1124 1159 1465 1368 1647 1250 1679 1871 1486 1624 1784 1652 1796 3004 2308 2602 3206 2755 2441 2434 2588 3067 3358 3225 3725 4768 3492 2678 2546 2325 2336 2385 2065 1905 1955 2366 2024 2561 2249 2436 2312 2040 1835 2098 2328 1346 1239 1275 1461 910 885 848 821
357 364 381 466 465 539 456 447 456 461 463 473 491 520 564 560 526 564 579 575 562 566 574 587 622 649 661 734 783 801 753 750 804 884 1009 1223 1097 1552 1427 1445 1653 1981 1793 1353 1448 1850 2236 1910 1744 1828 2335 2927 2999 3537 3044 2239 2326 2252 2886 2706 2828 3269 4434 3290 2536 2916 2822 2312 2046 2561 1816 1667 1667 1706 2118 2430 2128 1689 2340 1949 1639 1635 1727 1489 1461 1457 1389 1199 814 829 770
375 369 386 399 408 432 448 461 477 481 488 494 516 559 578 606 584 552 610 601 594 583 597 638 667 654 689 725 844 839 747 785 864 1181 1412 1560 1474 1608 1956 1753 1465 1751 1498 1856 1464 1668 2331 2094 2426 2554 2122 2423 3563 2456 2623 2073 2087 2623 2423 2671 3297 3367 3433 3032 2301 2179 2620 1828 1692 1656 1603 1585 1625 1913 2269 1669 1510 1463 1463 1746 1380 1529 1063 1210 1048 1337 1337 1314 1382 999 839
399 372 391 405 420 438 448 469 491 498 510 520 536 571 615 628 577 579 585 645 647 635 600 610 677 674 688 699 700 719 740 762 792 1020 1483 1224 1524 1595 1614 1298 1963 2073 1643 1947 1622 1723 2201 3260 3877 4035 3800 3635 2975 2239 2004 2000 1992 2287 2431 2481 2627 3178 3174 3101 2446 3020 1985 2247 2014 1725 1611 1530 1750 2534 2236 1531 2177 1904 1543 1234 1215 1364 1281 862 646 574 798 1642 1557 1460 1102
389 396 385 418 447 459 480 476 495 524 526 546 569 597 654 661 640 626 612 695 695 658 603 613 627 670 746 801 825 864 1185 1134 858 843 945 971 1081 1255 1485 1862 1698 2204 1818 2363 2083 2300 2686 3324 4957 4808 4896 4187 3199 2051 1926 1933 1999 2153 2598 3503 3510 3026 3093 2849 1849 2906 2030 2330 1806 1967 2343 1506 1412 1618 2279 2068 2031 1567 1311 1817 1519 1466 1699 1581 1134 911 482 851 1467 926 1316
408 415 425 416 451 467 485 516 540 556 592 599 616 600 602 639 625 652 684 715 744 682 622 628 702 757 835 930 986 954 1023 1333 1383 1015 1196 916 1412 1917 1698 1501 1818 2504 2662 3074 2833 2794 3470 2516 2357 3061 3313 2237 2191 1955 1901 1885 1961 2284 2473 3414 3970 2937 2396 1801 1561 1416 1543 1250 1696 1743 2034 2040 1280 2204 2089 1589 1662 1513 1218 1030 624 944 981 1193 1342 1037 389 543 807 769 1196
419 428 434 448 462 468 493 509 528 556 597 633 700 685 583 577 605 646 710 751 766 747 722 800 939 964 1164 1053 1257 1423 1515 1365 1106 1421 1824 1238 1052 1500 2187 1754 2189 1852 1983 2814 2271 2982 2809 2280 2160 2164 2320 2421 1990 1967 2185 1836 1764 1839 2131 2468 2547 2933 2463 1953 1902 2278 1099 1452 1643 1521 2433 1762 1195 1161 2091 1569 1204 1511 1414 1712 860 746 1426 1215 1592 872 835 692 567 484 325
438 446 454 459 475 485 504 506 471 482 492 497 535 509 538 582 601 641 668 811 845 826 900 1035 1172 1702 1404 1533 1795 1516 1479 1694 1605 1674 1387 1123 1441 1402 1977 1921 2068 2400 1690 1564 2089 2738 2180 1884 1657 1761 2198 1893 2044 2431 1920 1677 1690 2087 2415 3187 2546 2228 2056 1374 1510 1304 998 1479 1703 1194 1580 2446 1405 1097 1039 1009 1482 1446 928 770 962 437 1185 953 1171 1273 873 1095 1479 1175 577
462 469 475 475 489 512 518 539 533 522 518 523 529 521 516 560 577 599 608 656 802 936 1096 1383 1654 1529 2319 2262 1680 1992 1692 2114 1796 1304 1270 1431 1588 2238 1606 1503 1905 1981 1444 1717 2297 2292 2263 1673 1455 1868 2040 1701 2026 1964 1631 1577 1601 1764 1861 2510 2333 1981 1684 1265 1123 1013 876 1316 1555 1196 935 868 1169 871 890 891 1668 1296 1370 1503 1062 602 439 964 741 953 1288 1070 1195 860 526
486 496 501 501 502 517 545 556 577 566 572 556 547 537 548 527 535 545 554 562 592 794 850 900 1139 1254 1627 2127 2368 1936 2002 1793 1418 1399 1618 2177 2037 1945 1974 1446 1291 1289 1513 1550 2320 1924 1853 1409 1283 2002 1621 1526 1731 1507 1497 1510 1792 2070 2049 2699 2527 1701 1584 2282 1430 944 795 867 1248 1580 1546 1246 921 852 854 839 1544 1591 1283 1503 1237 1180 818 343 645 861 1126 902 975 579 341
510 522 532 534 533 544 570 596 581 610 640 752 843 634 566 535 548 569 562 575 581 599 905 1239 1571 1755 1528 1573 1569 1648 2183 1566 1751 1946 1613 1909 2518 2398 2238 1795 1272 1203 1720 2249 2684 1787 1454 1318 1233 1295 1212 1360 1951 1419 1412 1539 1728 1736 1812 2508 2109 2136 2494 1909 2142 1215 737 709 753 1200 1208 1020 807 819 808 1266 1314 1221 1510 816 1272 1227 854 397 428 770 1169 1029 529 311 269
551 547 562 569 576 605 638 740 750 1070 927 1175 718 678 704 984 1014 1024 1266 1094 612 604 671 1225 1502 1669 1350 1040 1344 1832 2256 1669 2042 2017 1878 2931 2545 2510 1925 1661 1243 1128 1387 1449 2038 2432 2156 1578 1181 1181 1501 1841 1531 1342 1358 1405 1588 2394 1943 2225 1493 1944 2352 1136 1000 972 675 670 689 1359 1279 977 772 780 795 1260 904 769 1310 1170 718 1053 890 407 574 447 1018 585 328 264 237
559 562 575 591 609 662 768 857 991 983 1267 1026 768 761 1020 1080 1026 1237 1618 1357 822 621 639 1130 1400 1210 999 1309 1762 2234 1816 1740 1778 2711 2698 3168 1994 2408 1690 1791 1233 1084 1448 2160 2043 2139 1818 1436 1153 1181 1330 1563 1434 1321 1329 1748 1945 2578 1711 2031 1358 1913 2012 1441 1486 1470 738 644 625 869 1154 907 756 758 774 1607 1265 709 727 1071 670 930 744 413 564 353 613 413 251 296 232
591 611 614 626 682 857 921 1117 1236 1509 1005 748 842 1026 766 798 808 870 1079 1170 1127 623 887 706 742 1232 1058 1492 2038 1839 2086 2393 2484 2726 1853 2128 1772 2495 1926 1550 1466 997 1212 1413 1756 1406 1126 1122 1133 1202 1596 1683 1249 1270 1268 1835 1711 1788 2317 1230 1140 1665 1510 1798 1278 994 1020 692 622 560 1073 927 721 715 707 696 1528 1276 988 798 716 1014 1137 689 336 563 366 273 219 222 232
612 659 720 696 629 750 906 1281 1124 1164 1090 1120 807 760 950 787 957 1002 1096 1370 854 639 1268 912 1642 1243 1263 1734 1460 1938 2051 1769 2345 1671 1565 1962 1623 2061 1773 1347 1521 1151 910 1574 1313 1036 1046 1089 1114 1221 1617 1553 1208 1220 1436 1442 1762 1801 2055 1573 982 862 926 1334 1551 1449 857 1036 713 549 516 1031 925 679 658 585 533 963 1081 883 545 792 1024 843 280 347 262 210 211 218 280
643 695 670 744 781 697 721 744 970 1115 981 860 864 1055 946 1013 1243 1304 1037 702 660 1045 1268 902 945 1254 1693 1738 1292 1371 1479 1495 1252 1319 1412 1627 1740 1831 1824 1733 1623 837 861 1878 1023 993 1055 1185 1686 1834 1628 1214 1141 1161 1242 1439 1756 1558 1584 1679 1492 837 708 1254 1524 1076 1308 950 846 417 498 866 985 810 611 583 559 538 456 479 534 1061 989 408 317 270 200 199 254 231 353
699 660 757 833 809 930 1113 1069 736 823 1103 954 1075 1333 1452 1096 1325 1074 695 742 1319 1613 1475 1598 1930 1643 1667 1426 1580 1318 1047 1097 1637 1718 1053 1648 1679 1659 1465 1512 929 750 1198 1322 920 943 1109 1227 1420 1602 1315 1051 1086 1148 1641 1530 1694 1347 1155 1415 1572 904 816 527 536 1111 1103 1092 730 423 416 834 1398 1287 1574 1220 866 559 432 425 382 552 339 261 202 188 195 262 237 412 784
922 850 867 879 1005 877 984 1088 1029 992 906 1306 1234 1587 1609 1602 1552 1020 722 1278 1382 927 1057 1259 1351 1482 1634 1282 1054 943 995 1642 1673 1013 740 1257 1708 912 1039 638 676 704 723 802 837 1008 1089 1372 1603 1267 950 992 1138 1516 2053 1761 1726 1676 1218 775 1377 1382 1318 1190 615 335 377 760 418 385 595 1022 1402 928 943 1123 776 584 356 376 356 258 209 199 192 191 346 434 530 673 616
777 838 814 913 1020 1125 1006 1190 1077 914 1263 1599 1927 1270 1157 1366 1625 828 1024 756 763 893 1590 1961 1963 1529 1963 1699 1732 868 1594 1395 1630 1158 689 932 1110 541 556 593 615 709 790 853 909 1349 1537 1324 1436 1197 900 1023 1517 1487 1662 1558 1751 1581 1626 1042 804 1235 1211 1120 1057 883 514 272 271 261 672 1298 1181 723 614 850 692 548 366 319 313 276 192 182 175 183 262 321 408 352 467
897 876 1148 1191 1131 1124 1202 1230 915 1298 1367 1344 1138 1617 1725 1101 833 815 1618 1406 1294 1286 1326 1432 1700 1506 1253 1191 833 757 1058 1586 1551 1706 1140 391 397 452 425 666 778 849 926 1035 1144 1168 1278 1411 1240 948 828 814 798 1385 1109 1235 1787 1429 1067 789 798 1116 1216 929 955 699 639 458 250 243 293 987 1252 621 624 630 653 524 297 283 269 198 191 212 203 170 217 389 269 433 584
849 899 1294 1010 1545 1360 1651 1149 960 1464 1857 1294 1608 876 838 970 1438 1386 1251 1491 2024 1542 1288 1632 1478 1170 1091 1213 1622 745 612 1236 1461 1726 771 316 386 360 746 852 937 1056 1447 1492 1553 1344 1611 1811 1249 1100 1200 745 721 712 943 1408 1398 868 1062 515 879 1226 1188 1214 689 816 863 916 446 235 227 225 221 216 215 214 278 401 339 269 207 199 191 226 227 163 196 253 390 603 754
1135 1006 1717 1207 1769 1843 1481 1073 996 1229 1682 1467 1059 682 1033 1108 1460 1532 1800 1737 1160 1009 1109 1507 1325 2057 1684 1239 863 964 535 447 1056 964 353 299 431 731 909 927 1015 1038 1244 1498 1231 1085 1370 1466 1357 1298 1097 791 670 609 649 1054 1112 532 1179 462 965 1180 965 776 1156 1233 1179 820 670 489 322 280 297 332 256 214 209 208 353 238 200 196 190 241 226 160 191 341 522 696 743
1987 1195 1814 1634 1546 1044 1452 1570 1632 1239 1438 1075 1122 692 1223 1843 1899 1286 1382 828 909 1181 1996 1885 1612 1425 1197 834 951 509 342 358 273 536 246 263 687 961 1276 1141 1078 1296 1212 1109 899 1049 1366 959 1179 1662 1447 967 624 560 532 653 602 941 574 646 1094 759 979 1338 1014 779 1207 887 925 734 632 606 708 688 498 375 210 209 267 232 194 194 194 235 230 166 258 509 537 713 541
1791 1747 1889 936 851 1226 1440 1351 925 779 1144 1457 1211 834 1199 1213 1232 1150 639 729 1505 1171 2095 2071 1326 951 852 842 889 1039 870 639 217 214 227 399 813 1259 1296 1114 1025 1246 1041 1253 1398 630 1079 1015 1284 1455 1140 1352 812 510 493 478 706 869 420 772 714 949 1287 1253 858 749 853 690 677 638 908 1058 847 631 521 432 257 206 221 198 197 211 220 240 236 231 283 474 476 594 452
1036 827 773 792 835 1509 1770 1617 1647 1204 1066 1123 752 757 676 1345 1085 427 1049 1397 1344 1069 1248 1591 1378 1276 1361 1398 1308 1250 1120 481 387 198 212 340 732 761 962 1049 1105 954 1005 1294 1037 841 603 1103 1328 837 859 994 1161 641 447 450 369 493 598 700 808 1063 1119 785 1189 791 690 663 612 976 1009 711 625 536 476 405 245 204 201 199 198 237 280 242 229 235 251 321 404 338 148
