data/400x300ElevASCint16.asc
ncols        400
nrows        300
xllcorner    -156.003330000000
yllcorner    58.996670000000
dx           0.032516650000
dy           0.020022200000
NODATA_value -32768
[rows 123 to 163 of 300, columns 0 to 90 of 400]
288 264 245 153 178 88 90 91 292 143 142 116 130 131 186 173 196 260 370 249 230 200 183 200 194 206 199 188 192 195 201 220 209 214 226 460 259 459 269 366 220 222 224 252 226 229 241 255 272 283 296 303 318 360 354 355 357 355 357 361 365 376 392 413 429 439 443 440 474 449 526 467 377 307 308 313 325 353 386 412 628 1035 1018 1163 1447 706 566 600 705 718 671
120 89 89 86 88 113 128 111 95 98 103 148 142 311 170 182 182 172 173 190 209 203 210 212 188 222 221 228 210 249 278 235 254 248 275 353 334 426 449 596 241 244 246 245 246 247 257 269 283 300 315 332 333 358 380 409 405 407 395 402 406 414 427 441 460 481 493 498 521 630 685 602 576 405 345 323 328 327 643 471 800 937 759 861 791 1006 1113 1144 1205 1350 1242
88 89 142 224 170 115 333 239 149 108 103 108 123 135 190 168 184 176 167 205 204 225 232 238 213 219 241 240 208 245 246 252 282 267 332 343 382 358 435 303 255 260 262 263 262 263 273 287 304 322 340 358 369 356 386 402 413 418 429 428 438 456 477 480 480 503 521 589 534 539 569 539 441 437 416 465 333 335 845 510 561 652 939 1171 1131 993 1673 1829 1517 1110 1911
90 168 196 154 271 141 209 333 168 117 108 125 142 139 158 169 227 159 177 179 212 250 239 238 229 261 242 239 234 215 255 267 308 286 450 339 376 425 389 292 272 277 278 278 279 281 291 305 323 343 364 388 407 424 382 412 419 438 447 460 473 498 534 537 546 574 625 572 672 748 1011 809 661 424 430 578 340 340 537 947 651 578 952 1356 1040 1300 1388 1583 1649 1235 1557
217 325 172 268 253 191 291 205 110 112 112 127 275 224 188 206 200 149 165 189 225 236 224 247 244 264 270 262 262 222 255 274 290 312 360 381 350 364 345 307 345 295 295 296 294 302 314 329 347 372 392 419 439 478 467 402 440 450 474 498 570 574 657 705 834 942 870 584 752 1082 1242 1157 756 588 485 433 414 387 581 1105 1122 1133 630 1036 1347 1450 1690 1118 1186 1595 1804
247 192 251 321 440 300 200 115 153 161 142 122 285 214 140 158 165 171 240 284 244 227 216 228 244 278 259 288 257 228 229 271 278 302 346 397 368 394 411 343 313 313 313 315 315 329 340 356 375 396 424 451 481 506 516 474 448 467 507 556 692 876 988 1100 1236 858 846 619 1182 852 1289 1303 691 635 826 518 472 361 868 863 1261 1454 1023 683 1211 1157 1670 1367 976 1504 1556
228 433 420 309 225 277 132 141 227 155 140 154 166 152 153 150 173 183 273 301 278 248 235 248 267 282 305 303 298 281 266 239 259 268 287 344 372 409 378 337 333 331 335 336 336 351 368 389 406 427 457 482 514 547 569 590 521 450 520 944 1100 1223 1141 1307 936 1093 1107 740 972 1290 1391 1249 931 588 950 1078 452 371 872 1235 1219 1498 1400 1302 747 1108 1260 1530 931 1394 1792
267 298 318 189 176 136 192 134 157 191 179 318 174 186 212 189 162 194 330 264 245 294 234 243 266 313 354 329 311 290 265 275 246 269 272 274 303 319 358 353 368 350 356 359 359 376 394 418 442 467 523 563 549 562 610 765 889 589 475 574 871 1189 1359 1409 893 1246 1030 945 837 1136 1220 1462 1402 584 1226 1023 392 372 633 1016 1537 1245 1502 1212 998 790 826 891 975 1486 943
336 257 278 273 190 158 134 150 288 193 242 265 211 315 283 224 254 177 276 261 229 236 243 249 277 330 368 384 312 274 290 286 255 257 279 289 298 301 331 383 379 364 378 383 382 402 426 449 537 555 569 708 748 740 1011 859 1425 1146 544 606 1074 1116 1105 1212 1121 1266 1347 961 742 863 1184 1589 840 1159 571 411 559 399 443 1161 969 1475 1716 1434 1353 1340 955 1229 873 641 623
207 194 344 251 212 165 155 163 304 206 361 302 226 260 438 365 286 189 325 270 238 225 247 251 276 310 328 365 302 278 300 297 274 258 286 294 301 304 320 374 391 376 389 394 413 419 450 472 552 616 664 684 726 703 1031 853 1227 1261 786 513 901 780 1047 1271 1347 1212 926 886 840 1067 1295 1460 888 1424 817 501 1075 423 386 700 1185 1076 1722 1254 1436 1127 1120 760 663 612 1167
160 338 221 233 168 169 157 186 337 254 259 471 400 391 411 314 243 285 206 200 210 235 279 268 289 298 322 337 320 297 298 302 292 264 287 297 307 314 325 342 363 431 407 414 439 462 493 516 581 657 595 753 841 1126 1011 915 1124 1100 781 526 737 1200 1479 1606 1407 1272 1096 884 1076 1124 1096 1607 1456 944 585 809 1375 765 424 396 1010 1052 1209 1096 997 634 590 628 643 1081 1428
200 249 352 301 192 160 307 224 258 314 331 532 679 473 537 436 401 304 260 250 235 276 263 274 326 356 365 370 339 324 315 315 309 298 275 288 311 301 321 331 387 444 434 449 442 526 576 632 604 665 688 1048 1433 994 1502 1227 823 1223 922 597 645 1055 1118 1142 1792 1455 1079 969 1351 1130 905 1293 1510 1220 602 804 1178 1025 861 405 428 1136 834 912 481 1007 1057 1372 804 1046 1157
382 348 254 329 214 173 257 237 316 338 504 582 634 407 677 460 508 444 326 283 256 262 255 274 301 346 355 384 359 360 336 332 327 308 301 281 308 308 318 343 410 486 454 558 570 516 700 625 720 1070 1071 836 1533 1231 1349 1094 998 1297 890 571 662 895 1397 1502 1584 1238 1592 1542 1948 1522 1106 1573 1430 769 615 706 1319 1218 1582 790 413 430 458 509 562 1420 1358 1318 929 1223 1079
355 288 240 272 191 188 216 246 317 365 594 559 784 445 423 420 474 337 278 256 241 241 250 284 282 306 303 320 359 374 400 364 358 333 321 309 290 320 334 348 404 617 498 630 536 518 546 645 897 1472 1357 1056 1005 1352 1481 1554 1158 1238 945 592 782 1425 1315 1567 1161 1230 1281 1454 1127 865 839 1050 992 955 493 661 1034 1104 1302 839 422 528 823 1067 1089 705 1249 896 997 747 1063
299 277 214 199 191 199 207 379 321 320 433 642 789 677 767 561 429 312 276 272 239 223 239 257 294 290 310 329 356 378 417 470 429 384 356 342 331 313 333 376 498 618 585 566 702 605 560 541 1085 1270 1534 1654 1550 1501 1549 1047 1176 1050 733 626 971 1260 1467 985 1300 977 1489 1240 1143 1328 882 1067 1318 518 1145 1077 1107 1173 1122 436 470 1063 898 1436 1154 648 1479 1205 1351 1456 971
344 291 290 209 189 225 229 231 320 405 524 421 637 690 426 407 332 267 251 248 232 220 237 269 325 297 312 339 354 382 422 440 495 514 444 396 358 346 307 372 448 604 539 568 735 771 720 780 580 662 1005 1186 784 839 965 1364 1100 813 633 678 736 869 740 849 871 886 1242 1480 1236 1022 1178 1190 738 584 1196 1089 994 993 732 432 854 1492 802 1443 1157 692 836 1271 1018 1373 1273
305 318 286 160 192 179 201 227 264 326 588 420 735 465 478 319 260 249 254 249 207 216 225 262 325 293 309 329 344 365 401 417 465 516 569 568 432 401 313 338 376 490 640 570 611 651 793 934 1035 717 1070 698 1258 1364 1510 1251 810 658 726 893 826 970 1050 1435 1015 1434 943 1184 1244 1323 1409 1146 800 724 1348 1525 1265 1491 838 438 980 1365 1258 1302 1324 744 1261 978 1180 1075 1167
251 361 275 204 159 203 244 322 272 418 449 317 382 367 298 256 224 289 194 199 224 231 244 255 271 275 289 392 345 414 434 527 711 876 689 708 674 499 365 326 369 423 576 696 653 724 767 1227 1351 737 1427 720 1055 1253 1224 883 687 805 820 1188 884 982 1599 1551 1277 1446 1270 1552 1359 1703 1572 1423 786 695 1384 1185 1359 1269 668 447 901 1590 1073 1433 1133 914 1651 1061 1555 938 1356
162 177 224 173 153 169 184 212 263 366 302 246 226 233 239 222 200 186 206 225 238 237 265 298 336 304 378 401 351 442 500 513 614 733 563 618 711 474 366 330 332 400 485 729 788 893 955 1267 1268 824 1298 725 1253 1506 1144 809 707 955 913 1344 953 1113 1181 1841 1415 1837 1381 1236 1259 1512 1494 928 929 594 1328 1369 996 708 673 454 560 941 1079 1202 1464 1206 1042 1428 1436 875 1190
211 189 195 140 147 167 175 191 195 234 231 215 195 196 198 191 175 187 210 240 262 338 359 335 429 350 373 569 388 596 627 728 588 586 601 685 675 446 370 341 343 356 450 763 813 885 1032 1175 1478 1304 1192 803 1682 1115 1322 948 739 1045 1150 1499 1299 939 1276 1704 1744 1950 1540 1638 1349 1040 1232 1251 1129 657 617 924 699 769 972 1099 489 488 1029 1313 1419 1281 1256 1428 1056 1209 994
212 169 135 161 193 175 248 213 385 248 247 194 187 172 167 174 191 255 271 300 378 391 470 470 514 512 502 451 508 794 664 504 442 424 505 736 651 424 383 371 353 349 420 619 820 865 1140 1168 1276 1147 1295 1187 1652 1619 1377 1394 776 1011 1164 1480 1229 960 1404 1385 1452 1613 1422 1217 1454 1569 1293 928 866 1100 800 642 716 955 1362 1198 1250 477 539 894 1311 1304 1071 1390 1096 837 777
121 127 177 246 213 237 229 298 496 438 212 361 189 156 164 203 303 246 342 433 453 513 484 673 896 482 447 523 405 821 373 395 447 506 570 676 638 420 390 373 356 362 394 518 789 756 872 1085 1371 1507 1837 1633 1560 1259 1016 1234 819 790 1262 1585 1685 1303 1396 1730 1630 1509 1436 925 854 876 849 937 1505 1298 788 698 790 1061 1386 1222 1267 565 567 1241 1181 1038 1170 1200 1120 802 796
125 125 126 140 160 175 222 427 350 339 263 186 150 178 262 324 292 391 311 434 424 750 631 457 792 601 398 371 358 420 445 511 533 566 530 654 711 454 416 393 370 405 402 452 540 846 873 913 937 809 1017 1666 1283 1132 1043 983 1107 1546 915 900 1389 1831 1350 1557 1559 1404 1177 1425 1361 1159 1503 1759 1188 811 696 832 865 1151 1338 1540 1303 589 560 1099 1575 1236 1507 1092 866 809 978
115 116 124 132 148 187 198 341 246 204 204 144 167 186 236 253 260 286 355 466 681 534 568 622 583 596 626 347 635 583 665 755 491 456 503 523 519 477 441 386 397 418 423 432 497 552 613 988 756 1175 1208 1184 760 983 882 1315 1151 1542 1125 897 942 1237 1668 1469 1230 1072 1061 1303 1205 1455 1348 1022 816 725 804 843 1116 1347 1351 1277 1117 576 576 1116 1538 1356 1393 1226 838 845 1048
105 116 112 128 149 229 148 139 157 143 139 153 172 191 202 217 295 323 393 500 487 667 491 481 353 555 290 504 511 483 553 638 626 492 853 680 731 611 483 431 393 423 434 448 458 545 816 1006 1220 1137 691 732 986 1336 933 1192 1664 1775 1567 1719 1336 993 1086 1684 1417 1338 1557 1200 871 955 911 1027 1035 738 825 962 1348 1759 1783 1473 1122 701 575 845 1627 1480 1048 907 850 869 969
107 114 110 137 177 294 237 130 128 130 147 161 179 197 216 231 277 479 535 579 350 617 407 646 338 260 302 634 683 511 666 750 548 481 527 601 624 644 559 488 433 396 437 448 478 498 672 955 1149 642 1039 1346 1030 946 1295 1363 1692 2042 1560 1709 1748 1048 1274 1741 1389 1661 1505 931 1372 1250 1470 1213 969 761 830 1408 1234 1268 1620 1410 1187 769 587 942 1754 1330 1557 1024 831 850 1190
101 103 107 114 130 223 260 121 125 138 146 155 157 192 218 203 208 262 426 402 542 315 339 299 238 340 326 387 649 505 703 753 692 500 646 563 554 617 716 579 453 441 445 458 473 496 531 850 1042 670 773 1257 1522 1143 1189 1084 1428 1861 1939 1654 1488 1131 1600 1470 1216 1416 1207 1278 1367 1340 1308 1168 879 782 976 1242 1403 1355 1727 1265 1184 804 549 823 1580 1454 1383 934 794 841 1272
98 104 106 108 118 200 245 120 130 137 135 145 151 194 210 188 200 251 298 299 377 272 269 243 341 496 359 494 427 556 863 664 586 668 512 530 553 661 809 593 489 435 413 462 479 508 510 667 1132 738 794 1303 1617 1314 1124 1462 1456 1617 1588 1799 1544 1438 1255 1614 1209 1488 1479 1236 1517 996 946 866 853 825 1377 1221 1560 1587 1513 1258 1126 799 548 739 1373 1149 1253 887 779 836 912
97 101 103 105 111 116 116 123 126 138 163 172 175 303 198 175 185 204 213 249 287 262 225 313 283 818 542 430 534 795 932 632 533 684 556 575 751 766 577 605 615 468 430 462 476 490 535 528 694 605 877 952 1196 961 1299 1140 1104 1396 1323 1739 1454 1607 1811 1586 1998 1795 1443 1361 1149 1130 1267 1459 882 813 990 1554 1779 1398 1208 1243 1347 847 557 702 1538 1718 1084 850 768 806 916
95 96 100 104 107 111 122 132 138 154 209 223 152 152 161 168 173 181 190 198 213 231 458 766 493 418 661 506 536 749 480 594 728 540 572 796 818 842 579 641 747 614 463 446 471 488 512 553 538 625 859 1208 1423 747 1603 837 1208 1230 1818 1834 997 988 1173 1566 1571 1965 1380 1638 1680 1375 1254 1408 1163 864 878 1282 1288 1329 1287 1031 1327 872 570 709 1391 1543 1125 847 783 838 1375
99 101 106 108 112 116 126 132 137 135 141 145 149 154 160 165 172 177 190 202 380 272 247 323 391 490 595 483 639 776 495 644 516 557 758 907 829 547 568 689 709 684 564 447 461 482 504 561 568 806 1075 742 704 1396 1650 772 877 1266 1229 1135 770 1420 1523 1749 1418 1753 1636 1710 1788 1867 1798 1660 955 901 867 1143 1646 1406 1318 1199 877 634 629 720 1318 1130 926 783 771 860 1318
98 103 106 109 114 118 124 125 131 135 139 141 146 150 157 157 191 457 559 359 415 510 268 344 427 564 472 617 510 468 401 420 482 548 1109 985 663 503 571 650 618 717 694 547 459 467 477 491 562 810 749 927 1605 1025 615 644 696 764 797 760 835 1606 2014 1547 2141 1653 1934 1878 1792 1553 1211 1305 1503 895 890 1125 1684 1511 1076 818 618 658 803 1150 882 816 667 676 769 889 1461
99 101 102 106 113 116 122 127 128 132 133 136 142 146 180 185 315 313 568 281 238 322 424 418 549 631 394 428 330 431 483 476 800 680 1064 659 600 561 813 623 678 651 655 652 483 468 482 493 502 521 573 630 662 659 796 1320 1227 1014 1635 1351 1173 826 1205 1323 1602 1908 1897 1653 1894 1864 1693 1755 1090 929 911 1256 1957 1607 896 637 770 1047 1126 1610 1361 919 663 834 835 929 1503
111 98 100 107 112 115 115 122 121 126 130 135 149 199 366 224 259 256 452 302 231 446 623 294 329 290 367 645 379 529 520 589 943 745 730 556 508 707 721 659 569 597 607 515 476 471 478 747 630 518 530 545 580 698 1409 1887 1491 1384 1093 1557 1210 1516 1437 1043 1624 1567 1806 1730 1391 1337 1106 973 1400 1022 941 1206 1719 1391 722 759 1243 1026 1395 1659 1175 662 1110 1458 850 929 1036
110 108 108 114 118 111 112 116 120 124 129 145 191 508 381 309 375 377 452 324 236 323 345 400 382 328 381 478 491 416 482 868 878 763 527 748 493 665 647 552 762 753 593 485 481 506 608 833 984 839 866 790 562 584 606 760 1372 1402 1348 1534 1672 1607 1939 1594 1282 1867 2040 1572 1685 1503 1644 1811 1478 964 848 1362 1489 739 713 1290 1454 1315 984 1010 710 728 1117 1111 807 1181 1523
107 124 136 104 105 109 111 114 122 143 143 162 205 231 362 447 334 344 326 240 255 331 486 365 352 428 463 355 392 431 614 904 599 1006 694 572 529 589 549 614 735 677 499 487 501 532 810 767 855 976 815 1140 898 587 1428 851 666 684 993 1174 1613 2307 1622 1827 1597 1866 2017 2378 1793 1819 1826 1702 978 715 702 824 709 675 1393 1757 1777 1590 1088 1175 676 1037 1460 898 870 1316 1723
100 102 104 106 109 120 115 144 168 154 167 173 191 431 451 404 332 309 314 253 289 363 365 316 395 419 412 428 457 515 833 902 846 609 839 671 592 464 508 573 617 541 476 479 508 599 900 873 928 1171 1163 904 1050 1265 619 1370 1938 1170 777 966 1478 1529 1706 2444 2335 2148 1713 1573 1698 1943 1190 947 818 1649 1473 1064 975 694 1035 1961 1887 1299 1170 781 699 1308 1303 943 874 1059 1281
103 105 108 114 115 119 166 226 362 191 188 188 286 385 394 359 450 278 282 301 256 268 310 353 494 427 389 431 563 511 551 647 703 587 623 543 595 505 462 482 491 471 456 477 496 676 1046 679 821 844 1059 872 1054 1820 1093 688 2164 2168 1464 770 1529 1732 1524 1606 2000 1435 1299 1503 1366 1107 801 1064 1335 1762 1072 1235 1074 730 1462 1561 1421 1070 768 733 1077 1004 955 1019 1101 1033 1674
110 107 111 115 127 124 194 214 279 233 219 222 272 575 351 294 344 389 285 322 290 327 391 329 337 367 409 436 502 553 577 835 582 503 806 576 388 398 713 526 466 437 448 464 491 528 572 683 583 677 699 722 1071 1704 1493 904 1109 2029 1699 820 1245 1959 2006 2360 1778 1917 1883 1119 1210 1390 1552 1166 1596 1372 1278 1421 1100 719 1442 1346 1177 840 715 1015 1451 971 1136 1350 909 1217 1302
113 116 117 119 122 131 219 185 293 266 210 211 264 445 256 279 343 310 297 512 316 283 300 368 434 436 365 379 576 873 701 720 664 418 666 382 367 397 388 410 412 428 445 462 500 551 820 891 1146 832 771 977 1192 1825 2063 2045 964 1524 1318 1470 993 948 1605 1805 1946 1954 1351 1581 1861 1640 1602 1552 1627 1595 1635 1241 1177 896 1068 1099 879 740 782 1159 991 1090 1342 1377 917 1286 1539
115 119 122 122 125 127 163 253 243 238 218 242 230 258 299 314 359 325 377 331 361 302 361 513 382 375 411 492 676 508 720 422 505 492 380 381 606 598 439 406 421 521 458 468 465 524 699 699 633 711 800 1005 1388 2054 1552 1215 1500 1547 1584 1493 1976 1357 1562 1776 2057 1600 2021 1784 1452 1917 1994 1483 1867 1300 1713 1311 1624 1029 755 818 799 787 846 1116 1201 1632 1868 1503 921 1239 1782
