data/800x600ElevASCint16.asc
ncols        800
nrows        600
xllcorner    -156.003330000000
yllcorner    58.996670000000
dx           0.016258325000
dy           0.010011100000
NODATA_value -32768
[rows 328 to 368 of 600, columns 644 to 735 of 800]
906 976 963 1077 1079 1003 932 876 857 898 1016 738 702 689 682 669 683 690 707 795 763 656 608 603 576 552 512 489 453 449 415 345 375 336 324 359 372 377 386 416 421 425 422 425 410 402 390 213 221 218 214 379 398 379 313 411 418 428 447 470 495 522 544 573 621 651 729 685 667 674 666 664 647 617 576 545 503 596 608 616 643 625 580 610 584 587 596 610 615 625 648 643
928 1005 1047 1115 1063 1011 956 876 816 775 782 838 715 675 679 671 615 634 652 639 660 622 615 610 606 567 528 498 489 381 357 416 397 396 388 386 306 318 372 389 413 415 413 411 415 397 391 383 318 367 202 360 293 382 393 410 403 403 410 421 448 473 502 541 583 603 633 630 643 653 656 686 592 569 572 535 680 998 1363 1158 1354 1250 1001 995 980 904 875 788 691 676 671 741
1032 1123 1131 1096 1052 1015 1026 860 855 823 759 738 733 726 712 684 658 626 570 615 599 601 612 605 605 568 528 430 380 448 466 439 405 387 374 359 348 336 292 285 392 398 406 410 405 400 390 384 377 245 206 202 242 383 393 404 415 405 406 407 406 414 426 469 527 545 581 598 601 632 626 704 655 567 563 531 661 882 1183 1574 1410 1710 1321 1255 1401 1185 1410 1015 1154 950 847 923
1057 1170 1203 1355 1058 1063 928 1011 998 960 977 821 789 767 748 725 695 673 640 605 521 595 579 576 589 511 407 505 525 527 439 501 477 449 412 392 349 336 323 283 326 374 379 380 389 396 391 392 387 374 202 200 198 229 372 387 395 404 395 399 397 395 398 407 444 480 530 583 628 633 671 595 626 583 553 468 610 723 880 1052 1366 1596 1677 1450 1627 1447 1678 1234 1391 1302 1027 1129
1127 1342 1432 1200 1089 1034 973 1090 1094 1140 1095 980 1159 917 1064 914 908 764 670 608 574 530 523 442 447 475 564 525 562 571 473 564 557 516 482 446 409 362 361 335 305 260 254 334 332 341 352 348 354 357 362 348 224 191 192 221 361 374 384 384 383 387 386 388 392 424 474 488 544 560 576 612 634 611 576 558 497 605 708 906 863 920 1207 1140 1416 1364 1747 1552 1684 1326 1212 1173
1322 1427 1387 1335 1089 990 985 1217 1167 1219 1081 1061 1175 1027 1270 1233 1275 1134 732 632 590 509 451 528 575 591 602 603 610 615 541 615 623 563 581 546 497 466 429 410 379 361 301 270 257 235 230 225 305 215 267 311 324 247 191 188 295 323 337 364 348 366 371 381 380 385 400 475 503 546 590 560 553 578 569 567 572 567 588 541 813 1006 1013 844 1142 1575 1671 1824 1698 1548 1386 1326
1074 1264 1269 1155 1104 1036 1062 1252 1196 1326 1133 1292 1150 1102 1323 1294 1151 1060 714 633 587 468 572 590 605 618 635 636 650 647 560 656 699 635 654 644 629 614 591 572 564 573 525 478 347 338 302 320 294 277 223 203 197 194 189 186 187 278 258 309 327 339 349 357 377 378 363 367 408 503 393 575 568 607 600 561 549 552 483 504 658 851 1219 1304 1065 986 1249 1531 1499 1849 1646 1536
1142 1457 1330 1170 1129 1012 1093 1253 1392 1396 1194 1230 1310 1272 1305 1223 1030 747 674 615 515 560 549 573 637 641 650 655 663 676 643 700 721 722 752 785 841 958 920 867 927 872 805 633 509 473 433 449 468 426 389 340 258 226 188 183 183 183 180 176 172 172 241 263 340 356 354 350 367 382 470 493 537 604 613 562 555 559 581 459 529 681 818 1218 1436 1519 1268 1139 1177 1344 1646 1653
1192 1389 1294 1306 1186 1042 1102 1320 1369 1216 1172 1385 1360 1110 953 855 737 700 648 574 472 599 639 646 565 656 670 669 676 709 629 728 742 792 851 962 1119 1243 1244 1245 1368 1294 1101 768 824 801 660 796 867 873 802 672 645 495 421 404 326 336 272 212 226 227 171 166 227 287 224 347 316 365 406 479 546 585 598 587 570 573 597 514 385 666 695 915 1066 1293 1571 1645 1667 1375 1323 1462
1275 1563 1635 1216 1120 1119 1065 1267 1051 993 965 992 1036 1066 767 715 695 676 611 485 565 644 672 674 630 671 678 689 703 730 730 699 785 876 943 1020 1171 1217 1199 1171 1169 1083 1052 949 1106 1041 855 1068 1070 1162 1310 1200 1069 1098 872 704 551 533 427 414 345 319 334 297 163 165 256 311 318 348 361 489 507 567 605 657 600 609 632 619 565 513 655 708 788 965 1130 1392 1519 1701 1850 1700
1284 1397 1210 1175 1420 1285 1061 1089 1133 1031 908 796 765 733 708 686 664 647 554 490 618 672 692 689 683 652 697 711 732 758 812 831 766 894 975 1071 1090 1082 1104 1189 1299 1355 1354 1258 1340 1339 1208 959 1296 1409 1490 1394 1242 1379 1360 1225 997 893 790 638 493 446 427 376 348 220 175 276 301 341 333 391 500 528 580 654 579 608 604 562 554 472 533 631 686 775 844 975 1040 1103 1546 1452
1451 1445 1483 1131 1107 1280 1236 1167 1058 907 775 734 717 699 678 649 635 601 543 498 634 664 695 697 704 706 647 756 802 876 914 949 957 823 860 979 1283 1440 1196 1157 1202 1322 1487 1574 1626 1418 1285 1070 1287 1435 1596 1395 1574 1705 1557 1511 1206 1064 941 650 816 741 708 600 435 324 159 161 206 300 346 358 491 555 638 648 610 565 545 547 485 364 496 549 590 631 690 742 794 914 1076 1286
1056 1043 998 938 1125 1250 983 748 713 707 693 681 663 642 633 635 612 559 507 531 639 660 711 719 757 809 810 728 843 903 976 1075 1068 931 833 962 1202 1341 1260 1371 1426 1457 1578 1607 1790 1489 1567 1312 1405 1430 1541 1828 1652 1513 1384 1308 1210 1093 845 805 949 869 781 750 568 414 296 156 158 248 318 353 481 536 624 604 573 527 515 499 486 387 474 465 483 519 583 630 638 699 805 876
1104 1127 1071 995 883 794 707 692 681 658 638 606 586 563 547 533 536 567 528 552 623 662 726 849 973 1069 974 861 837 933 1021 1056 1325 1314 1010 862 900 968 1004 1095 1142 1237 1506 1493 1467 1739 1797 1639 1562 1573 1607 1553 1443 1449 1423 1290 1249 887 1081 1106 1086 1009 974 899 665 444 322 182 153 238 263 331 391 508 548 593 630 529 495 430 395 482 481 464 486 528 535 541 549 601 643 701
1101 1130 1298 959 757 712 690 650 609 585 567 562 581 627 646 616 595 519 531 601 662 714 879 1267 1396 1159 1022 872 808 906 998 1029 1220 1356 1195 1061 995 997 978 1003 953 1008 1118 1170 1373 1289 1366 1569 1461 1449 1404 1358 1283 1233 1203 1151 1012 1121 1157 1116 1044 865 778 616 631 513 384 221 152 153 228 314 393 504 460 527 570 526 490 344 458 425 482 465 461 485 581 662 626 571 579 597
1282 1082 807 720 683 652 609 579 576 608 668 718 739 755 717 622 547 519 566 650 707 787 1022 1134 1235 1053 1137 1162 926 866 949 972 1103 1344 1460 1401 1401 1222 1383 1286 1205 1072 1050 1240 1190 1188 1182 1243 1299 1294 1267 1224 1196 1163 1144 1127 1057 1158 1196 1176 1151 1097 967 898 958 673 390 283 150 151 212 292 345 440 419 471 484 456 488 398 439 408 429 447 439 445 532 517 523 541 544 572
854 725 678 658 636 595 574 636 707 779 820 883 1248 987 727 566 526 532 594 694 759 949 1221 1215 1160 1091 1428 1038 906 985 1267 1047 1008 1204 1380 1564 1632 1445 1604 1257 1664 1392 1059 1366 1671 1394 1600 1404 1333 1225 1212 1190 1172 1186 1128 1116 1294 1368 1441 1466 1312 1002 1028 971 891 757 391 318 146 206 193 265 313 266 301 421 393 376 337 283 281 319 401 412 393 424 446 445 471 496 531 550
707 662 633 608 582 576 636 732 914 1287 1003 1036 1342 1039 767 611 532 528 594 699 871 1029 1297 1174 1259 1284 1354 1044 900 1021 1461 1295 1110 1076 1108 1228 1334 1321 1492 1761 1452 1270 1090 1117 1244 1625 1829 1590 1328 1306 1644 1601 1287 1418 1286 1385 1487 1484 1451 1410 1235 1023 1313 1245 1098 902 229 357 192 161 211 189 172 257 335 295 322 368 340 336 340 375 369 419 412 412 417 425 457 487 507 544
664 627 577 582 596 634 783 856 1270 1470 1185 1351 1338 1230 1051 644 538 525 572 688 815 1266 1539 1305 1355 1137 1081 1013 934 949 1155 1429 1227 1196 1139 1127 1198 1388 1492 1644 1457 1239 1230 1623 1227 1297 1497 1490 1334 1389 1434 1307 1268 1470 1357 1525 1669 1563 1437 1320 1252 1286 1405 1352 1215 815 234 342 279 149 156 218 271 320 251 296 284 307 344 336 313 313 353 344 369 370 394 398 408 441 475 518
615 595 575 598 620 709 848 1028 946 1329 1463 1368 1146 1025 850 806 568 525 556 636 875 1005 1208 1340 1211 1168 1066 1105 1030 949 978 1026 1080 1298 1503 1302 1138 1215 1210 1300 1549 1437 1222 1445 1606 1502 1492 1641 1625 1625 1523 1588 1238 1483 1609 1428 1547 1626 1639 1403 1510 1604 1665 1520 1295 851 473 259 258 167 202 236 235 355 350 311 349 392 362 351 375 363 325 373 375 375 378 372 386 406 425 439
591 576 576 639 687 777 913 1343 1262 1078 1360 1300 1083 1191 999 793 602 531 541 566 679 796 1013 1344 1380 1134 1142 1167 1313 1039 1049 1044 1009 1055 1482 1363 1208 1368 1638 1308 1414 1638 1486 1268 1420 1489 1636 1489 1589 1397 1575 1466 1151 1563 1436 1265 1184 1389 1583 1575 1723 1691 1485 1310 971 603 409 175 139 140 141 141 148 149 145 152 148 156 288 286 291 346 368 341 341 381 376 403 394 389 410 429
573 573 660 763 821 860 798 1015 1311 1364 1236 1314 1218 1379 1359 1075 741 593 536 536 577 688 732 815 1050 1072 1349 1242 1433 1000 1040 1417 1387 1034 1151 1621 1411 1348 1381 1529 1485 1752 1448 1423 1383 1246 1219 1214 1181 1185 1191 1205 1102 1381 1492 1454 1407 1097 1131 1140 1438 1531 1297 937 618 451 171 136 137 142 144 293 341 443 391 230 246 195 152 234 385 335 362 360 341 353 367 370 365 360 376 409
573 772 1105 1077 1186 1029 960 822 959 1257 1219 1468 1373 1455 1140 1149 987 656 573 541 536 557 592 611 623 767 906 877 846 915 1136 1643 1471 1253 1054 1177 1319 1318 1606 1513 1723 1758 1601 1798 1418 1270 1310 1201 1178 1130 1072 991 962 993 1027 1059 1437 1511 1213 964 939 975 975 662 418 201 173 135 141 372 477 536 499 531 583 486 282 207 176 159 185 304 302 347 341 355 341 370 393 321 351 360
573 937 1129 1337 1449 1303 997 968 925 897 1017 1031 1146 1507 1298 929 736 736 706 587 563 552 539 545 563 614 663 876 1017 1084 1145 1328 1669 1392 1166 1120 1174 1583 1357 1752 1656 1420 1820 1624 1430 1412 1703 1320 1606 1564 1145 1403 1097 1158 983 863 898 1006 1125 1355 1137 874 638 539 360 246 134 134 343 496 674 757 741 702 725 677 445 397 346 163 157 157 169 294 278 430 355 366 353 388 278 289
586 896 1333 1389 1555 1121 1021 1317 1087 943 1058 1154 949 1091 894 991 1055 1206 922 683 778 643 584 573 547 557 599 816 1045 1382 1219 1322 1574 1205 1339 1349 1233 1307 1659 1344 1278 1243 1337 1473 1869 1504 1833 1465 1757 1427 1339 1624 1245 1633 1159 1197 985 859 788 903 1051 971 677 507 455 416 133 134 376 589 761 795 814 932 951 731 737 575 502 466 411 235 164 175 207 376 267 368 375 339 356 349
573 763 1259 1487 1522 1043 1245 1396 1222 1035 1006 1261 1175 989 1261 1595 1397 1182 913 957 1247 973 908 755 625 550 557 721 885 1091 1297 1606 1569 1377 1425 1700 1419 1675 1521 1555 1796 1528 1176 1230 1291 1297 1499 1499 1341 1427 1602 1307 1544 1608 1601 1601 1484 1236 930 733 704 752 586 500 468 354 147 292 446 592 700 823 890 1176 1323 1188 989 800 703 504 471 544 242 161 172 283 354 452 415 235 298 339
573 736 1067 1604 1605 1138 1255 1537 1407 1098 987 1268 1355 1055 1282 1556 1218 978 1017 1060 1353 1302 1350 925 723 600 559 672 922 1074 1174 1356 1416 1728 1541 1869 1442 1288 1635 1644 1399 1250 1503 1197 1162 1091 1086 1082 1067 1068 1058 1004 971 1008 1019 1016 1066 1136 1235 987 818 714 615 530 462 328 130 283 529 650 679 764 938 1163 1308 1461 1213 987 808 633 525 448 297 213 165 304 289 376 431 403 344 368
598 692 951 1367 1626 1234 1234 1487 1633 1232 1050 1116 1468 1228 1201 1450 1256 1147 1495 1243 1622 1386 1078 868 742 635 563 670 918 1286 1255 1242 1457 1851 1526 1342 1267 1207 1228 1585 1644 1562 1816 1379 1608 1380 1451 1258 1209 1124 1169 1061 1070 997 942 932 842 712 747 816 904 931 717 564 452 363 130 386 611 762 1043 1016 858 981 1192 1369 1400 1265 972 794 694 619 425 359 200 213 357 306 363 377 423 411
589 677 925 1331 1615 1505 1277 1423 1587 1237 1115 1033 1239 1446 1185 1347 1581 1552 1669 1607 1340 1101 870 773 697 536 552 760 1018 1468 1603 1360 1669 1621 1467 1382 1493 1421 1030 1004 1051 1164 1169 1212 1321 1451 1545 1586 1510 1568 1629 1133 1296 1579 1101 1440 1289 1006 1084 908 661 696 685 546 460 366 164 416 679 862 1140 1194 980 924 1002 1179 1398 1414 1200 1024 875 652 508 408 288 167 168 283 371 354 389 396
678 727 930 989 1166 1400 1549 1581 1550 1485 1233 1137 1106 1405 1419 1333 1438 1229 1210 1167 956 816 721 613 519 582 585 794 1036 1268 1561 1645 1527 1486 1493 1403 1174 1041 1034 1056 944 860 819 742 736 824 995 1185 1554 1674 1546 1373 1755 1675 1249 1717 1438 1383 1337 1120 926 793 701 644 291 289 310 493 784 875 916 1076 1076 939 902 961 1009 979 908 875 782 599 634 526 431 335 255 173 172 173 315 350
737 948 1073 1047 971 1041 1075 1140 1340 1658 1377 1191 1093 1365 1534 1477 1394 1259 1010 846 719 640 494 518 552 701 862 599 800 1113 1466 1786 1577 1378 1248 1173 1137 1177 1232 1346 1188 1379 1087 1038 1042 861 660 748 1052 1146 1564 1436 1646 1482 1269 1086 854 775 668 691 729 702 645 442 134 124 426 642 974 1178 1313 1255 1204 1035 927 884 852 845 812 804 805 828 919 865 614 451 387 265 206 176 177 206
863 1079 1289 1275 1150 1024 1158 1126 1118 1325 1475 1374 1112 1179 1417 1520 1196 961 833 683 573 479 561 729 821 755 1096 975 635 957 1206 1487 1697 1659 1388 1155 1369 1344 1673 1570 1326 1377 1355 1349 1607 1296 879 746 649 772 887 977 998 886 715 623 506 353 380 396 340 284 122 123 230 266 515 709 975 1289 1579 1549 1602 1235 977 921 933 926 909 956 999 1058 1100 1078 878 649 466 386 334 294 177 177
1048 1196 1401 1515 1261 1044 1373 1317 1164 1161 1432 1326 1156 1387 1179 989 877 768 602 481 458 597 775 942 854 865 1204 1281 784 740 1254 1347 1564 1603 1239 1213 1452 1464 1645 1616 1643 1618 1573 1288 1060 752 603 735 678 434 544 653 640 550 372 338 347 335 246 244 122 128 141 388 461 549 358 613 753 1050 1288 1382 1128 991 961 1008 1052 1086 1139 1232 1243 1517 1136 1381 1082 744 804 532 455 339 280 177
1223 1275 1476 1588 1223 1113 1400 1658 1337 1169 1309 1278 1115 1058 931 813 702 532 435 553 728 852 996 1064 734 1058 1271 1446 820 800 796 1030 1346 1344 1098 1242 1382 1615 1464 1282 1316 1254 1049 797 632 883 1001 1094 997 772 633 336 402 339 375 294 267 265 235 125 135 323 387 488 608 714 780 674 514 621 775 973 943 1003 1121 1226 1217 1556 1384 1237 1538 1564 1349 1373 1039 823 1029 815 676 506 398 320
1283 1438 1378 1709 1192 1162 1468 1732 1512 1257 1184 1124 1026 905 796 651 426 477 628 781 899 1122 1423 1003 950 1176 1430 1345 908 835 1186 1032 902 987 1150 1255 1737 1399 1265 1127 1024 757 697 914 1102 1153 1537 939 696 610 480 371 243 309 255 295 264 182 119 150 267 346 379 535 686 705 898 829 783 711 575 563 907 1122 1203 1223 1549 1463 1849 1763 1595 1663 1519 1125 1201 1101 1305 1145 907 768 612 420
1224 1668 1437 1688 1212 1210 1352 1550 1679 1286 1417 1402 1032 822 599 450 509 708 941 886 1103 1531 1195 891 884 1209 1684 1346 907 1110 1429 1594 1158 1148 1514 1301 1739 1572 1503 1547 1057 964 1346 1458 1277 1471 948 721 546 360 358 233 263 279 251 235 159 119 118 318 391 537 747 472 597 601 844 855 910 1046 945 753 568 943 1382 1418 1316 1391 1446 1575 1693 1296 1299 1380 1728 1149 1382 1331 1264 948 784 591
1143 1609 1638 1350 1244 1491 1333 1776 1519 1356 1609 1316 936 636 424 426 699 978 1298 984 1184 1446 1020 1178 1156 1185 1617 1244 924 1173 1703 1286 1082 1390 1694 1481 1671 1729 1631 1141 1045 1313 1401 1508 1381 953 694 446 321 183 115 114 113 115 114 123 171 318 464 714 942 1198 721 445 868 1014 839 799 1108 1555 1288 1244 757 683 740 1275 1546 1407 1399 1558 1889 1648 1584 1457 1415 1299 1651 1672 1379 1114 906 843
1015 1394 1621 1549 1284 1448 1408 1601 1645 1559 1415 1084 743 427 404 640 947 1264 1513 1041 1270 1452 1110 1587 1398 1115 1394 1367 1004 1201 1411 1061 1282 1568 1609 1686 1392 1374 1227 1068 1312 1627 1706 1288 918 662 323 108 110 115 120 178 231 267 374 517 805 1137 1287 1516 1066 626 525 958 1266 1108 822 983 1278 1570 1451 1432 742 1098 845 764 786 993 1373 1701 1607 1698 1507 1625 1623 1506 1429 1765 1453 1099 928 849
967 1215 1438 1679 1713 1747 1628 1550 1235 1147 1010 794 596 423 510 777 986 1307 1590 1232 1265 1619 1178 1617 1360 1245 1791 1259 1163 1311 1198 1011 1464 1557 1817 1661 1499 1262 1189 1339 1646 1539 1157 840 598 131 107 108 146 223 311 380 624 916 896 1486 1758 1474 1346 960 595 660 1028 1392 1308 945 1007 1587 1839 1993 1474 914 1014 1420 1070 1141 909 783 932 1116 1341 1516 1695 1465 1256 1194 1470 1610 1202 1051 1003 832
1024 1271 1216 1309 1396 1552 1652 1307 1140 1143 930 1136 667 380 508 720 934 1117 1418 1700 1253 1515 1355 1496 1507 1361 1843 1281 1351 1795 1169 924 1134 1286 1597 1806 1371 1329 1473 1273 1090 1080 786 516 130 107 106 199 247 398 686 837 1226 1108 1383 2037 1882 1489 1041 586 958 935 1363 1493 1003 994 1313 1490 1891 1454 1136 1179 1780 1306 1505 1542 1327 1218 910 886 914 997 1281 1486 1636 1129 1467 1298 1157 1015 950 696
1096 1538 1655 1481 1625 1715 1469 1300 1615 1319 1099 1427 1002 481 367 443 700 972 1483 1615 1382 1485 1429 1445 1632 1479 1610 1688 1476 1247 1068 886 1013 1317 1441 1423 1481 1860 1492 921 772 670 402 135 102 115 199 277 581 1000 1507 1887 1712 1264 1714 1748 1344 1041 832 849 1156 1557 1214 1286 931 1194 1449 1968 1572 1190 1255 1547 1824 1406 1946 1468 1799 1468 970 1001 1058 901 859 895 1017 981 1219 1054 983 950 822 613
