data/800x600ElevASCint16.asc
ncols        800
nrows        600
xllcorner    -156.003330000000
yllcorner    58.996670000000
dx           0.016258325000
dy           0.010011100000
NODATA_value -32768
[rows 164 to 204 of 600, columns 276 to 367 of 800]
526 526 539 554 569 598 604 593 594 586 593 591 598 604 613 614 607 599 605 613 622 652 649 642 651 664 679 701 695 718 701 659 662 702 755 773 750 668 728 718 737 730 735 744 765 768 767 761 767 778 799 816 833 845 880 895 877 901 921 906 980 1234 1112 1058 1209 1120 1009 977 957 1048 1190 1100 1109 1146 1145 1320 1388 1378 1180 1433 1771 1792 1955 2047 2134 1901 1728 2012 2221 2218 1886 2409
532 541 545 556 577 615 616 619 622 623 619 607 613 620 627 634 631 627 635 616 620 656 660 655 673 673 697 734 722 730 790 740 681 687 747 786 785 742 727 706 740 754 718 720 755 801 794 800 792 789 805 827 837 893 956 1091 1023 967 970 986 991 1012 1079 1079 1054 1086 983 986 1009 1003 1167 1375 1326 1428 1430 1194 1696 1577 1277 1319 1499 1754 1905 2178 2288 2533 2149 1947 1843 2175 1906 1898
543 552 560 560 582 588 601 624 631 636 636 627 626 634 645 649 649 640 650 668 675 659 684 686 682 688 692 707 725 739 778 785 747 704 733 807 828 765 751 725 747 751 746 739 778 790 823 831 823 806 815 901 850 869 949 1028 1153 1138 1026 1014 977 1005 1074 1229 1130 1168 1045 977 980 988 1113 1333 1334 1450 1668 1664 1474 1761 1618 1333 1645 1912 2001 1923 1954 2273 2175 1720 1496 2070 1546 1552
553 563 573 579 581 582 585 592 602 612 620 629 638 650 657 669 670 676 696 668 681 690 701 739 739 726 714 737 805 779 785 856 808 724 736 835 854 799 775 760 766 773 766 768 780 780 805 964 989 890 840 857 941 929 902 923 1022 1194 1069 1067 1361 1068 1264 1297 1182 1196 1139 966 979 996 1066 1143 1345 1420 1717 2106 1978 1931 2069 1807 1557 1549 1700 1947 2171 1887 1690 1710 1283 1507 1368 1255
569 576 586 594 599 598 599 602 607 614 624 636 649 664 673 682 695 699 730 745 743 735 737 767 790 742 736 774 813 819 824 880 823 744 742 861 854 824 798 780 795 825 1007 1029 837 807 822 956 1000 963 901 940 1054 961 1116 1064 963 1138 1119 1176 1556 1138 1392 1357 1311 1546 1239 1111 1008 1028 1051 1093 1208 1329 1373 1340 1490 1747 1731 1922 2258 2065 2125 1900 1861 1565 1356 1276 1226 1154 1103 1082
579 591 601 609 616 615 619 619 620 624 630 647 662 678 693 703 714 724 734 743 749 767 774 808 814 755 762 784 843 843 855 915 821 766 761 913 884 845 845 801 818 971 1002 1120 923 840 848 1101 1430 1095 1074 990 1207 1017 1239 1372 1116 1043 1241 1149 1391 1328 1584 1563 1389 1489 1385 1376 1303 1093 1093 1119 1133 1215 1389 1624 1754 1836 1848 1948 1897 1720 1689 1525 1467 1406 1394 1411 1355 1378 1288 1189
590 601 614 625 634 638 640 637 633 641 649 650 675 693 716 730 742 748 752 774 769 781 803 859 839 814 805 823 871 872 914 924 826 789 784 924 881 873 975 864 844 1078 1162 1018 1107 908 918 1189 1253 1316 1178 1092 1272 1087 1347 1459 1134 1087 1349 1181 1278 1646 1638 1670 1627 1657 1735 1498 1995 1640 1184 1153 1130 1246 1505 1733 1809 1726 1787 1788 1488 1709 1731 1557 1619 1518 1443 1757 1659 1666 1596 1488
604 615 626 641 652 660 664 656 651 656 667 676 693 721 734 757 768 772 781 787 795 808 834 872 882 847 814 824 926 918 949 928 838 812 854 948 925 965 1238 1000 885 909 1217 1374 1116 1185 931 1101 1277 1456 1298 1155 1407 1161 1443 1368 1366 1124 1422 1362 1246 1662 1778 1857 2141 2021 1811 1650 1570 1306 1213 1190 1190 1246 1282 1335 1441 1623 1883 1513 1460 1382 1334 1325 1281 1275 1220 1151 1149 1248 1257 1495
624 636 651 667 668 680 689 692 685 672 688 697 728 750 754 796 804 796 806 818 821 824 843 872 930 872 845 849 872 975 1015 881 860 860 946 1005 979 1097 1124 1034 1164 952 981 1177 1415 1429 1045 1122 1215 1298 1429 1325 1440 1245 1385 1566 1580 1374 1301 1609 1446 1613 1784 1897 1761 1462 1285 1295 1291 1238 1239 1220 1223 1404 1456 1507 1674 2088 1717 1612 1790 1410 1360 1557 1353 1582 1346 1161 1284 1101 994 957
651 667 675 712 720 739 719 813 921 810 793 724 768 784 800 837 849 834 833 843 852 864 865 884 899 946 887 888 894 947 977 899 921 979 1033 1263 1095 1081 1321 1141 1176 1253 1007 1194 1456 1489 1231 1077 1251 1492 1754 1676 1528 1576 1583 1740 1557 1428 1418 1823 1871 1758 1681 1386 1361 1360 1334 1307 1277 1267 1286 1314 1344 1475 1544 1998 2221 2092 1901 1825 1517 1481 1631 1922 1936 1568 1279 1412 1654 1226 1146 1179
685 709 721 759 834 1026 879 806 821 975 904 777 800 784 814 873 880 869 857 874 908 936 940 913 933 948 957 937 939 982 993 988 1009 1134 1252 1486 1407 1284 1371 1438 1437 1409 1087 1250 1527 1329 1253 1183 1207 1285 1439 1647 1725 1912 1966 1707 1508 1523 1800 1885 1572 1440 1431 1394 1383 1381 1343 1316 1383 1557 1525 1879 1641 1441 1715 1807 2178 2092 1748 1611 1644 1769 2015 1930 1577 1376 1386 1552 1330 1287 1365 1568
727 759 789 859 931 958 1047 896 793 1037 1007 843 876 841 833 878 915 905 916 903 947 993 1037 999 999 994 1007 1001 1018 1159 1074 1033 1089 1129 1389 1558 1585 1707 1806 1881 1736 1349 1193 1377 1666 1528 1285 1591 1361 1476 1458 1515 1901 1712 1570 1528 1515 1517 1527 1505 1489 1477 1436 1443 1432 1554 1457 1507 1909 2223 2299 2376 1961 1730 1965 2445 2380 2116 1768 1692 2086 2313 2242 1663 1482 1440 1796 1488 1439 1566 1774 1579
803 873 851 932 1031 1087 1155 958 855 942 995 918 870 914 933 949 983 1005 960 963 954 1167 1221 1098 1136 1086 1082 1113 1168 1386 1490 1104 1113 1152 1330 1468 1452 1458 1604 1704 1509 1395 1392 1489 1820 1549 1522 1837 1750 1817 1755 1618 1591 1577 1601 1553 1544 1555 1550 1532 1510 1492 1478 1518 1843 2087 2331 2137 2169 2378 2224 2392 2609 2195 2191 2314 2036 2074 1996 1864 2318 1954 1799 1624 1717 1681 1672 1671 1555 1864 1624 1450
969 983 954 1013 1125 1194 1150 937 855 904 967 965 934 950 1029 949 1049 1105 1009 1007 995 1039 1181 1260 1231 1139 1186 1265 1285 1544 1530 1267 1158 1170 1250 1278 1375 1516 1602 1809 1706 1578 1677 1771 2071 1778 1729 1724 1698 1659 1639 1662 1601 1590 1569 1579 1590 1577 1556 1538 1698 1735 1603 1924 1651 1833 2270 2823 2345 2187 2129 2058 1966 1893 1787 1737 1656 1572 1700 1869 1684 1921 2135 2370 2044 1773 2063 1934 2093 1760 1638 1487
1096 1108 1146 1022 1137 1141 1006 893 908 958 927 1011 1030 1064 1145 1105 1096 1208 1063 1054 1072 1077 1111 1196 1481 1301 1573 1365 1488 1583 1704 1333 1168 1206 1246 1380 1607 1868 1883 2066 2092 2170 2082 1823 1804 1782 1747 1714 1686 1691 1647 1691 1727 1959 2008 1632 1643 1607 1614 1943 2298 2445 1747 1876 2424 2252 2236 2933 2461 2286 2289 2146 1896 1834 1800 1661 1613 1583 1543 1528 1700 1792 2080 1935 1715 1624 1673 1705 1718 1614 1562 1606
1188 1235 1173 1107 1146 1141 1024 975 977 1011 1024 996 1045 1084 1288 1183 1213 1172 1125 1140 1233 1213 1194 1224 1443 1590 1673 1655 1622 1882 1621 1546 1549 1255 1269 1342 1644 1562 1659 1742 1866 1904 1899 1848 1805 1903 2149 2187 1712 1737 1701 2013 2144 2749 2132 1693 1680 1683 2300 2126 2067 2645 2652 2136 2541 3080 2821 2735 2612 2531 2571 2645 2556 2270 2166 1801 1971 1809 1517 1466 1463 1986 1776 2188 1904 1592 1527 1458 1392 1286 1189 1123
1104 1148 1192 1177 1199 1213 1086 1024 1053 1155 1133 1134 1124 1128 1268 1313 1307 1300 1259 1224 1367 1381 1380 1423 1478 1571 1753 1896 2261 2061 1852 1832 1510 1287 1295 1379 1543 1746 2056 2278 1986 1974 2093 2239 2444 2700 2208 1794 1744 1761 1810 2418 2539 3237 2548 2049 1733 1769 1996 2500 2345 2603 2793 2907 3224 3328 3508 2938 3064 2917 2999 2091 1953 2414 2761 2195 2255 1799 1437 1418 1389 1445 1654 2226 2406 2121 1858 1818 1744 1804 1502 1655
1226 1339 1303 1271 1242 1178 1091 1072 1092 1178 1263 1279 1179 1194 1303 1438 1374 1453 1359 1331 1479 1549 1562 1625 1673 1809 2136 2078 1973 1679 1549 1389 1339 1313 1505 1695 1768 2164 2732 2382 2128 2132 2681 2939 3009 2299 1831 1825 1789 1811 1918 2136 2672 3533 2802 2440 1978 1841 1883 2014 2247 2510 2524 2619 2976 3104 3403 3273 2711 2672 2892 2431 1888 1806 2034 2430 1692 1497 1462 1435 1378 1356 1323 1612 1862 1841 1714 1902 2087 1727 1743 1840
1081 1184 1236 1282 1316 1208 1209 1170 1223 1193 1290 1416 1308 1203 1254 1423 1501 1529 1586 1556 1728 1826 1869 1916 2140 2560 2221 1879 1685 1599 1426 1382 1590 1623 1758 2256 2363 2825 2415 2238 2208 2699 3194 3042 2519 1924 1886 1865 1932 2259 2619 2497 2688 3302 2958 2625 2080 1944 1943 2137 2291 2423 2620 2990 2769 2514 2668 2975 2107 2391 2919 2804 2292 1980 1716 1670 1653 1554 1510 1555 1655 1323 1304 1288 1546 1799 1560 1461 1394 1385 1771 1622
965 949 1014 1070 1271 1309 1499 1413 1359 1278 1297 1397 1343 1403 1382 1462 1536 1821 1784 1724 2095 2366 2436 2464 2303 2035 2291 1879 1754 1485 1469 1747 2047 2101 2184 2837 2947 2448 2371 2355 2817 2837 2562 2510 2224 1924 1906 1976 2413 2610 3078 2918 3406 2940 2473 2301 2098 2014 2075 2805 2922 2902 2770 2531 2334 2348 2462 2758 2010 1923 1861 2006 2589 2594 1963 1689 1611 1642 1852 2155 1661 1303 1282 1260 1201 1454 1717 1617 1583 1314 1125 1063
1207 1182 1064 1140 1147 1335 1522 1530 1460 1428 1393 1436 1471 1452 1491 1544 1651 1733 1962 1880 1991 2353 2428 2260 2093 1915 1929 1787 1611 1559 1590 2108 2378 2775 2893 3255 2794 2595 2917 3267 3620 3211 2898 2297 1972 1952 1950 2092 2153 2757 3261 3175 2860 2635 2430 2271 2195 2171 2557 3233 3483 2879 2343 2327 2096 2396 2277 2577 2651 2206 1792 1806 1896 2079 2638 2074 2259 1961 1898 1795 2094 1529 1258 1231 1198 1184 1141 1357 1678 1476 1598 1399
1406 1437 1380 1150 1204 1239 1333 1505 1659 1579 1614 1595 1626 1650 1761 2080 1834 2101 2647 2256 2375 2424 2136 2045 1838 1789 1724 1690 1637 1753 1712 1969 2773 3519 3188 3066 2885 2889 3256 3076 3284 2880 2367 2267 2000 1994 1981 2478 3080 3481 3190 2923 2752 2571 2391 2362 2570 2393 2595 2858 2943 2800 2461 2279 1930 1931 2559 2327 1910 1693 1732 2221 2339 2574 2897 2300 2291 2037 1686 1603 1866 1847 1696 1357 1182 1158 1133 1115 1194 1646 2060 1686
1480 1758 1322 1309 1350 1239 1280 1300 1386 1477 1613 1735 1806 1944 2417 2275 2400 2687 2845 3171 2919 2703 2158 1944 1958 2196 2137 2061 2366 2358 2612 2520 2743 3486 3448 3361 3082 3225 3633 2826 2494 2924 2798 2401 2048 2046 2196 2465 2551 3104 3279 3168 2775 2521 2511 2782 3106 3271 3024 2722 2934 2468 2167 2042 1760 1753 2183 1648 1613 1653 2359 2773 2730 2320 2221 2400 1746 1980 1575 1511 1714 1698 1492 1326 1290 1464 1157 1095 1073 1251 1510 1615
1165 1382 1587 1748 1447 1546 1284 1302 1326 1372 1447 1566 1706 2225 2099 2139 2558 2682 2933 2756 2561 2256 2155 2137 2094 2617 2671 2833 2918 3152 3370 3556 3651 4074 4148 3664 3266 3072 2729 2602 2333 2480 2355 2114 2073 2065 2213 2643 2883 3333 3439 3615 3074 2737 2980 3146 2892 2892 2414 2301 2437 2208 2592 1672 1595 1585 1554 1535 1817 2065 2598 2350 2422 2297 1636 1546 1473 1414 1368 1408 1524 1982 1786 1678 1510 1488 1452 1046 1034 1058 1219 1292
1053 1079 1281 1546 1820 1632 1589 1469 1599 1382 1401 1456 1625 1691 1955 1949 2114 2427 2631 2322 2277 2263 2218 2330 2370 3133 3429 3771 3805 4017 4333 4470 4569 4552 3743 3440 3401 3156 2459 2291 2248 2212 2199 2144 2120 2106 2154 2415 2342 2625 3087 3843 3530 3008 3227 2813 2585 2422 2275 2014 1856 1700 1780 1681 1544 1510 1486 1463 1457 1641 1835 1550 1731 2148 1832 2105 1981 1529 1331 1303 1255 1333 1458 1626 1723 1713 1457 1015 1039 1080 1522 1615
1446 1166 1188 1400 1586 1790 1883 1965 1713 1516 1599 1453 1524 1645 1721 1964 2143 2281 2497 2304 2296 2420 2742 2968 3138 3204 4023 4568 4765 4802 4944 5149 5265 4932 4461 4189 3947 3349 3021 2311 2295 2577 2922 3100 2625 2156 2168 2185 2388 2691 2863 3399 3647 3269 3243 3012 3129 2999 2930 2671 2265 1678 1599 1570 1556 1543 1470 1418 1393 1352 1325 1338 1506 1375 1433 2043 2289 1601 1667 1326 1216 1179 1122 1123 1318 1572 1505 990 991 1005 1291 1516
1841 1465 1248 1268 1430 1580 1787 1848 1832 1823 2176 2118 1935 1613 1844 2035 2155 2442 2473 2428 2366 2502 2790 3194 3978 4348 4890 5015 5477 5628 5743 5857 5316 4811 4637 4697 4122 3334 2785 2465 2581 3068 3428 3071 2405 2247 2190 2357 2870 3599 3398 3290 3231 3372 3260 2755 2574 2594 2800 2537 2238 1755 1623 1599 1583 1955 1765 1501 1379 1328 1293 1292 1239 1174 1155 1326 1550 1658 1277 1556 1689 1438 1197 1047 1073 1337 1188 970 963 1048 1401 1758
1816 1598 1464 1308 1359 1394 1526 1656 2085 2177 2475 2023 1672 1663 1933 2367 2519 2678 2542 2653 2644 2694 2638 2729 3202 4026 4535 4649 4937 5417 5610 5310 5078 5125 5280 4932 4279 3742 3282 3434 3569 3312 3022 2394 2361 2278 2328 2820 3317 3176 3181 3153 3076 3124 2824 2412 2239 2120 2046 1846 1685 1663 1624 1623 1696 2404 2520 2353 2084 1633 1279 1256 1219 1191 1140 1117 1074 1050 1033 1150 1467 1715 1286 1021 1040 1498 1072 946 943 985 1547 1493
2329 1835 1882 1676 1571 1446 1473 1584 1728 1982 2075 1756 1739 2031 2148 2627 2864 2760 2630 2913 3086 3088 3412 3508 3823 4609 4776 4601 5208 5665 5706 5739 5478 4655 4482 4424 4642 3897 3583 3461 3198 2718 2543 2420 2429 2546 2607 3274 3139 3047 2935 2898 2798 3144 2918 2647 2311 2452 2156 1719 1702 1708 1826 1738 1706 2189 2121 1971 1917 1380 1322 1233 1211 1180 1116 1090 1073 1065 1017 1002 991 1217 943 941 1079 1561 1352 976 929 911 1244 1732
2119 2254 2253 2242 1879 1501 1514 1660 1949 2252 1968 1825 2053 2099 2612 2819 3264 3010 3025 3073 2919 3122 3434 3817 3980 4055 4230 4321 4734 5407 5813 5933 5702 5060 4544 4287 4206 4100 4185 3876 3186 2748 2751 2906 2851 2986 3191 3273 3244 2855 2831 2712 2545 2735 2861 2768 2362 2070 1816 1856 1783 1870 2437 2033 1911 2172 2437 2313 1519 1471 1416 1373 1433 1347 1070 1070 1039 1037 1024 990 989 963 952 948 1369 1579 1296 926 909 884 1155 1401
1882 2460 2899 2338 1878 1554 1548 1739 2183 2107 1913 1962 2193 2374 2555 3043 3647 3729 3319 2787 2816 3145 2994 3287 3076 3550 3327 3406 4312 4306 4976 4956 5051 4962 4526 4084 4018 3879 4311 3644 3041 3248 2970 2898 3049 2495 2271 2272 2402 2602 2406 2277 2143 2422 2312 2593 2206 1988 2102 1898 1851 2039 2755 2180 2045 2342 2007 1730 1586 1577 1562 1485 1313 1258 1237 1095 1077 1036 975 978 957 941 936 922 1154 1559 1361 891 888 889 1163 1419
2048 2287 2241 2220 1892 1598 1601 1932 2228 2490 2018 2025 2478 2784 2782 2874 3513 3014 2532 2629 2626 2853 2882 2677 2732 2786 2912 3256 3379 3527 3467 3518 3748 4682 4258 3099 2867 2850 3136 3339 2709 2566 2387 2712 2674 2315 2136 2076 2151 2061 2002 2017 2057 2173 2336 2495 2353 2404 2160 2057 1982 2116 2843 2658 2604 2318 1908 1697 1713 1673 1869 2121 1846 1810 1705 1142 1140 1184 1440 995 942 921 919 903 880 1125 1107 856 858 975 1325 1437
1442 1624 1846 1784 1676 1652 1664 1796 2392 3004 2403 2308 2506 2602 3023 3206 3347 2755 2458 2441 2418 2434 2508 2588 3125 3067 2998 3358 3652 3225 3424 3725 4187 4768 4146 3492 2906 2678 2633 2546 2387 2325 2260 2336 2647 2385 2186 2065 1900 1905 1932 1955 2144 2366 2036 2024 2160 2561 2538 2249 2161 2436 2347 2312 2158 2040 1957 1835 1964 2098 2016 2328 1777 1346 1261 1239 1517 1275 1347 1461 971 910 887 885 853 848 833 821 821 951 1383 1230
1931 2114 1883 1719 1711 1757 1990 2152 2419 3179 3363 3425 3342 2877 2950 2450 2403 2394 2683 2377 2319 2326 2404 2631 3654 3486 3953 3141 2934 2930 3253 3717 4561 3779 3143 3438 3788 3252 2956 2730 2654 2524 2190 2288 2918 2585 2326 2323 1821 1798 1759 1787 2050 2002 1798 1858 2033 2534 2660 2435 2349 2453 2587 2218 2126 2077 2008 2076 2220 2229 2129 2293 2505 2069 1715 1930 1935 1443 1661 1445 1178 894 877 877 843 831 802 798 759 746 776 1084
2124 1910 1830 1744 1766 1828 2095 2335 2673 2927 3064 2999 3668 3537 3429 3044 2430 2239 2246 2326 2237 2252 2732 2886 3088 2706 3314 2828 2843 3269 3608 4434 3726 3290 2549 2536 3394 2916 2433 2822 2360 2312 2076 2046 2770 2561 1826 1816 2125 1667 1668 1667 1666 1706 1798 2118 2225 2430 2203 2128 1863 1689 1747 2340 2250 1949 1774 1639 1599 1635 1587 1727 1658 1489 1318 1461 1711 1457 1222 1389 1414 1199 980 814 824 829 799 770 761 747 739 722
2167 1921 1826 1867 2097 1946 1924 1970 2280 2528 2768 3236 3159 3073 3708 3527 3007 2412 2104 2119 2187 2207 2253 2487 2533 2554 2649 2730 3321 3899 3768 3280 3018 3162 2390 2463 2979 2338 2356 2896 3053 2375 1884 2263 1915 2104 1726 1755 1835 1624 1614 1618 1670 1826 2013 2572 2182 1989 1796 1867 2092 1502 1610 1752 1858 2087 1534 1414 1198 1959 1459 1651 1293 1147 1486 1550 1324 1464 1248 1099 1006 984 947 1152 1248 734 777 770 738 735 716 710
2667 2094 2100 2426 2233 2554 2527 2122 2155 2423 2778 3563 2582 2456 2938 2623 2642 2073 2098 2087 2156 2623 2346 2423 2521 2671 3097 3297 3497 3367 3464 3433 2599 3032 2351 2301 2341 2179 2439 2620 2513 1828 1802 1692 1670 1656 1654 1603 1595 1585 1613 1625 1732 1913 2081 2269 2221 1669 1490 1510 1655 1463 1530 1463 1483 1746 1642 1380 1074 1529 1148 1063 892 1210 1112 1048 1338 1337 1556 1337 1490 1314 1247 1382 1067 999 1298 839 734 711 690 707
3012 2549 2721 3048 2805 2959 3330 2796 3224 3017 3296 3046 2647 2193 2411 2252 2130 2031 2055 2034 2358 2971 2552 2477 2969 3499 3123 2782 3063 2985 2775 2633 2543 2432 2327 2319 2331 2103 2049 2046 1915 1853 1825 1698 1667 1640 1610 1585 1581 1568 1602 1962 2089 2259 1752 1631 1619 1510 1438 1401 1340 1298 1244 1210 1166 1130 1097 1036 1000 942 899 861 822 790 740 718 830 781 988 1224 1393 1506 1346 1193 950 1242 1498 1279 963 654 686 651
2545 3260 3519 3877 3962 4035 3945 3800 4022 3635 3077 2975 2853 2239 2080 2004 1974 2000 1991 1992 2080 2287 2246 2431 2542 2481 2538 2627 3089 3178 3117 3174 3162 3101 2815 2446 2508 3020 2290 1985 1933 2247 2830 2014 1696 1725 1641 1611 1638 1530 1519 1750 2132 2534 2097 2236 1641 1531 1690 2177 2108 1904 1690 1543 1522 1234 1099 1215 1261 1364 1396 1281 899 862 732 646 594 574 669 798 1330 1642 1490 1557 1394 1460 1254 1102 841 994 770 658
2572 3348 4095 4403 4508 4576 4839 4910 4591 3797 3179 2608 2327 2120 2167 1978 1971 1955 1967 2019 2091 2146 2218 2282 2403 2471 3176 2894 2721 2621 2548 2491 2419 2343 2268 2733 2549 3032 3200 2229 2494 2952 2215 2171 1807 2148 1724 1724 2131 1461 1460 1444 1995 2218 2255 2619 2039 1644 1843 1744 1691 1634 1575 1527 1511 1682 1479 1523 1691 1755 1511 1185 1184 1081 1258 891 806 546 486 540 752 1235 1701 1603 1212 1231 1271 1005 1067 1402 1282 778
2959 3324 4173 4957 5062 4808 4965 4896 4515 4187 4026 3199 2401 2051 1967 1926 1932 1933 1953 1999 2103 2153 2337 2598 3318 3503 4062 3510 3251 3026 3216 3093 3114 2849 2266 1849 1821 2906 2497 2030 2491 2330 1834 1806 1881 1967 1945 2343 1832 1506 1418 1412 1450 1618 1819 2279 1973 2068 2080 2031 1602 1567 1451 1311 1373 1817 1478 1519 1514 1466 1703 1699 1607 1581 1273 1134 1112 911 698 482 587 851 1305 1467 1238 926 1204 1316 1508 1371 1277 1225
