data/800x600ElevASCint16.asc
ncols        800
nrows        600
xllcorner    -156.003330000000
yllcorner    58.996670000000
dx           0.016258325000
dy           0.010011100000
NODATA_value -32768
[rows 205 to 245 of 600, columns 0 to 91 of 800]
647 689 396 277 252 226 214 200 199 158 138 118 114 115 118 125 150 143 112 108 106 105 106 101 104 104 100 105 104 103 102 103 118 105 106 106 106 135 153 107 107 105 107 106 107 111 133 145 145 144 150 140 137 146 142 144 138 134 131 118 127 124 115 115 113 115 115 117 115 116 116 116 117 117 117 116 118 117 120 119 119 123 120 120 120 121 121 122 123 124 124 124
704 568 380 258 242 299 262 173 150 131 121 113 119 120 138 137 156 120 123 118 106 106 104 102 101 99 103 103 104 102 104 105 105 106 130 128 132 143 158 107 107 106 106 106 107 236 167 150 161 157 149 144 138 133 130 127 127 130 132 117 120 129 116 116 114 114 117 116 115 117 119 129 118 118 116 116 118 118 118 119 120 122 120 121 123 122 122 122 123 124 124 125
627 425 324 281 286 216 176 147 139 118 118 126 130 146 135 143 127 123 133 122 111 107 99 99 99 99 102 100 102 103 102 136 105 106 148 134 125 130 144 156 145 130 107 107 108 148 192 164 162 149 146 136 138 132 133 132 128 121 123 121 119 123 124 117 117 117 118 117 115 118 118 118 118 118 119 118 117 119 118 119 120 120 123 121 121 122 122 123 123 124 124 125
368 316 294 221 213 269 167 125 123 127 134 140 156 167 164 131 146 137 152 157 139 125 99 101 99 102 102 102 102 102 99 135 136 143 145 150 146 141 137 146 163 157 109 110 110 131 153 148 146 135 134 130 133 129 127 128 121 123 119 119 119 122 115 120 116 118 118 117 118 119 121 121 119 119 119 118 118 120 121 120 120 122 122 122 123 121 122 122 123 124 124 124
336 251 222 269 192 177 129 133 143 151 157 173 249 211 152 148 152 148 185 181 229 175 180 146 134 217 102 102 102 102 99 102 138 143 148 152 153 147 160 153 162 158 144 149 144 153 150 142 136 135 136 133 130 133 128 128 123 122 120 118 118 124 118 127 119 119 120 120 118 118 119 122 125 123 121 119 119 120 121 121 125 121 122 122 122 122 123 123 123 124 124 124
259 279 213 185 164 135 138 155 161 168 193 277 194 159 178 165 227 184 233 325 341 309 289 243 261 369 98 98 98 101 101 102 105 148 149 152 148 155 156 152 157 157 150 149 150 153 145 139 139 138 133 134 133 134 132 127 126 121 121 118 119 118 123 131 124 119 122 119 119 119 119 123 121 121 125 125 120 121 122 122 122 124 126 123 124 123 122 122 123 123 124 125
189 225 208 148 141 168 174 206 214 332 305 234 177 266 182 183 204 284 195 230 327 286 203 200 231 98 101 101 101 101 101 103 105 141 137 146 145 153 158 151 147 148 152 145 150 147 146 141 138 136 137 133 133 131 130 126 124 124 121 120 120 122 122 122 124 124 120 120 121 121 121 122 122 126 131 126 133 124 125 122 123 122 122 126 124 124 123 130 123 126 127 125
232 174 172 146 168 173 223 211 315 474 387 199 227 339 259 231 295 272 238 190 178 156 141 186 132 98 101 102 101 102 102 116 130 131 129 138 145 144 145 140 143 142 143 142 151 142 141 139 138 142 135 138 134 131 131 133 129 126 120 120 121 121 122 129 129 122 121 121 121 122 121 124 122 128 127 124 124 125 124 123 122 123 133 129 123 124 124 125 124 128 124 126
153 154 152 176 194 248 412 266 440 499 292 253 377 369 283 174 196 167 150 150 117 97 100 101 101 99 102 102 102 102 127 118 123 129 130 118 132 136 138 138 147 149 141 152 143 149 140 141 140 134 134 138 134 133 133 134 133 119 124 134 131 135 125 138 131 131 123 122 122 123 122 121 123 124 126 124 124 127 130 124 125 123 123 124 124 124 124 125 125 125 125 127
163 161 174 197 300 449 521 499 501 551 489 460 430 257 177 147 132 113 101 100 100 100 100 97 101 98 102 102 103 128 121 125 130 129 134 138 140 136 139 136 142 146 143 148 145 141 139 139 139 137 138 139 133 135 132 138 127 123 119 123 125 126 127 131 128 124 123 123 123 123 123 123 122 124 124 125 128 127 128 124 125 125 125 128 124 125 127 125 129 131 129 129
199 172 178 210 280 389 492 517 382 404 456 338 243 217 175 150 105 100 100 100 100 99 96 96 101 100 101 101 130 130 130 132 127 137 136 138 140 136 145 140 142 146 143 146 144 142 141 141 148 143 142 142 140 135 134 131 126 121 123 125 126 126 131 128 128 126 124 124 124 124 123 125 123 123 127 125 125 133 135 126 124 125 125 126 125 126 126 127 128 128 128 130
211 181 173 212 336 485 516 494 346 223 224 226 184 151 101 100 100 100 99 98 99 99 98 99 96 102 102 102 135 138 133 137 133 141 139 137 140 139 148 141 146 143 146 144 145 143 145 144 143 145 139 140 138 135 134 132 135 122 125 126 127 127 132 132 133 126 125 125 125 125 124 125 124 125 126 125 125 129 126 126 126 125 128 126 125 126 127 127 129 129 129 129
249 180 189 229 295 388 425 389 291 219 173 146 127 110 100 99 99 99 98 98 95 95 95 96 101 104 106 128 124 127 134 135 135 137 139 140 135 136 141 152 148 144 147 144 147 144 143 148 143 140 140 141 139 142 134 135 130 126 128 127 129 131 129 131 129 137 135 126 127 126 126 126 127 127 127 126 126 127 127 127 126 128 128 127 128 128 128 128 130 129 128 132
202 212 232 225 273 229 257 246 188 160 144 127 152 100 99 98 97 98 98 94 98 100 109 147 139 108 105 117 122 121 128 128 125 131 138 129 139 140 144 143 146 145 146 155 145 143 146 147 143 143 144 145 144 141 141 133 124 129 132 128 130 130 130 130 131 131 129 127 127 127 128 127 127 128 128 127 130 128 128 127 127 127 128 130 129 129 131 133 135 129 131 131
205 218 194 158 213 198 202 166 138 126 128 100 100 99 98 98 98 97 94 94 100 99 101 133 134 110 109 102 106 114 117 108 126 135 137 135 139 139 146 142 146 146 145 148 145 145 144 150 144 146 144 145 142 143 136 124 125 130 130 131 131 132 131 130 132 129 132 129 128 128 128 128 128 129 130 130 128 129 128 128 128 128 129 129 129 132 130 132 136 132 133 132
158 163 143 204 149 149 130 142 121 108 101 99 99 99 98 97 97 94 97 98 97 101 132 133 149 145 119 111 112 109 111 110 113 129 131 140 141 144 141 145 145 146 148 150 147 144 150 144 145 148 144 148 143 145 129 126 128 137 132 133 136 132 132 132 130 131 129 130 130 129 130 129 130 128 130 131 129 129 129 129 129 129 129 131 130 131 131 131 132 135 136 134
166 156 169 162 141 142 129 130 138 109 124 99 98 98 98 98 96 96 94 94 99 101 138 139 155 140 128 122 147 142 155 139 116 112 113 137 142 141 145 141 144 146 143 147 144 147 149 148 146 146 149 144 142 141 128 130 133 133 133 133 133 131 131 134 132 131 130 132 131 130 130 130 130 131 130 129 130 130 130 132 130 130 131 132 131 133 132 133 134 134 138 138
179 183 168 140 142 120 115 117 111 128 133 99 98 97 94 97 95 95 95 95 106 112 149 151 140 131 141 130 128 145 153 140 151 118 116 114 114 147 141 137 146 145 142 145 150 150 149 149 146 148 147 142 138 132 130 128 133 138 134 134 135 134 133 135 131 132 132 133 132 132 132 132 131 131 130 133 131 131 131 133 133 131 132 133 134 134 134 135 136 137 138 138
183 163 166 133 130 144 145 151 157 126 133 115 97 92 97 97 96 95 96 96 97 111 165 146 145 140 143 121 135 149 148 141 155 157 122 119 114 121 143 146 145 146 147 147 145 148 150 149 151 149 143 137 141 137 130 133 136 136 139 140 141 137 134 134 132 133 134 133 133 133 133 133 133 132 132 134 132 132 132 133 135 132 133 135 133 135 135 137 136 138 139 140
188 173 142 151 148 146 139 128 130 144 135 100 97 96 92 95 96 96 96 97 97 106 146 137 157 146 126 131 135 149 159 136 148 143 123 122 117 117 141 134 140 139 145 142 144 151 152 148 144 146 146 140 141 138 131 135 135 137 138 142 138 140 141 135 135 135 135 135 135 135 135 134 134 133 133 133 136 134 133 133 133 134 135 134 133 136 137 136 137 141 141 142
181 169 173 163 157 145 150 150 99 98 96 96 96 96 94 92 94 93 98 96 97 114 115 119 135 154 141 134 152 162 153 158 163 142 129 125 124 123 118 138 143 152 145 148 145 147 143 141 141 140 140 139 139 136 131 135 138 138 142 138 138 141 136 136 136 136 136 137 137 136 135 136 132 132 134 134 133 135 135 135 135 135 137 137 138 137 137 138 140 142 142 144
202 186 169 157 145 149 136 146 98 97 96 96 95 95 92 94 93 97 95 109 124 119 143 148 136 157 139 126 147 160 157 160 156 146 139 149 145 125 123 122 122 146 149 144 151 154 142 141 141 141 142 141 139 136 135 138 138 139 139 139 139 139 138 138 138 138 140 141 141 139 137 136 138 134 136 137 139 136 137 137 137 139 139 137 140 143 140 139 142 145 149 148
186 154 167 143 122 126 109 140 134 97 92 93 94 94 93 94 94 96 114 120 151 150 123 148 154 153 137 125 144 158 166 160 159 153 145 159 160 147 129 126 123 146 144 144 144 144 141 141 142 143 143 145 138 139 138 135 140 142 140 141 140 139 140 140 139 138 143 140 140 137 138 138 143 135 137 142 141 139 137 139 141 139 139 139 141 142 141 146 146 149 148 149
148 161 143 127 130 145 137 100 100 96 95 92 92 92 92 92 161 307 299 327 172 143 143 159 147 139 144 141 126 132 147 158 157 147 156 166 165 152 148 129 125 132 151 146 142 141 142 147 147 144 143 143 142 140 140 138 141 141 141 142 142 142 143 142 141 143 141 144 143 138 139 140 140 137 137 138 142 139 142 143 141 141 140 141 143 144 144 147 148 148 152 152
148 150 131 115 109 105 97 98 96 95 95 93 94 95 94 93 330 452 480 423 234 147 143 154 148 156 137 142 132 134 133 145 161 148 153 165 164 145 153 158 127 133 147 146 142 147 148 145 147 147 146 146 144 145 147 147 141 144 143 143 143 144 145 143 144 146 146 144 142 142 141 139 140 140 138 140 144 141 142 144 144 143 142 142 145 145 149 148 151 150 151 154
221 135 103 102 116 115 127 126 109 138 96 95 95 95 94 93 172 308 341 208 151 156 154 146 149 152 142 148 144 130 138 140 154 166 160 164 173 161 139 166 149 130 140 142 146 145 146 149 152 153 151 147 147 150 157 147 143 146 145 145 145 145 147 149 146 146 145 144 143 142 143 142 142 141 140 141 144 143 145 146 147 146 144 145 148 150 151 153 153 157 155 157
194 105 118 109 129 143 135 125 126 131 98 96 96 96 94 92 145 156 173 147 129 140 138 137 143 155 154 145 144 136 147 149 146 141 159 161 175 155 148 156 162 140 131 140 146 159 167 167 171 161 159 152 153 156 159 156 146 148 148 148 147 147 147 148 149 149 147 145 145 143 145 144 143 143 140 143 145 145 146 148 148 148 148 148 149 152 154 155 156 159 158 160
115 114 130 133 128 137 144 118 137 136 98 97 97 97 95 92 94 145 125 143 119 130 133 128 138 150 148 141 144 144 143 158 155 152 157 158 154 148 146 170 166 165 134 135 149 165 167 170 162 161 153 154 154 156 157 151 149 150 150 151 150 151 153 152 150 150 149 147 147 148 146 146 145 144 144 145 147 148 149 149 150 153 152 152 153 154 155 157 162 162 162 164
115 144 146 144 142 134 140 151 133 126 100 97 97 96 96 92 96 99 114 142 125 110 111 129 143 141 143 146 153 160 163 156 159 157 152 159 160 147 158 164 154 155 162 136 140 167 167 164 160 158 156 155 158 159 158 160 151 152 153 154 153 152 156 153 151 152 150 150 150 148 148 149 148 146 145 148 149 149 152 152 152 155 157 156 156 158 159 161 163 165 171 169
136 149 147 159 161 139 144 140 138 128 101 98 97 97 95 92 93 93 94 120 120 116 117 113 119 121 139 150 177 263 315 233 182 177 171 164 156 150 164 161 159 169 174 139 146 158 166 165 162 163 161 158 158 161 161 154 155 155 156 154 154 157 156 158 154 154 153 153 151 149 152 153 152 151 147 150 151 153 155 156 156 156 158 160 160 161 163 165 167 169 171 176
144 187 169 196 205 169 155 153 145 123 109 95 95 95 93 92 92 92 93 95 100 104 116 139 149 187 132 163 173 180 248 269 223 335 288 172 157 161 166 169 155 156 164 174 143 152 160 164 159 163 161 164 163 165 167 156 157 158 158 157 158 161 160 159 157 156 155 155 155 159 157 155 153 150 152 156 161 161 163 157 159 160 162 164 164 166 167 168 170 173 177 180
213 187 185 227 275 199 208 171 158 108 96 112 94 94 91 92 93 92 94 94 96 105 122 159 206 319 173 172 198 193 279 336 263 203 289 197 174 182 167 166 158 165 163 167 148 144 164 176 183 175 180 179 177 170 170 159 159 161 160 160 161 163 163 160 158 159 158 156 157 159 159 160 152 157 164 169 170 165 167 162 162 165 163 168 168 171 171 172 174 176 180 185
178 227 247 219 140 250 261 212 101 99 105 119 130 93 90 91 93 94 91 92 93 98 130 175 252 282 194 176 232 205 270 369 386 371 261 177 195 220 235 193 179 170 170 175 180 157 172 159 186 193 198 188 177 175 162 162 162 163 163 163 163 162 167 162 162 164 160 161 163 166 165 165 157 156 177 192 180 182 178 183 166 166 169 171 173 174 175 176 179 181 185 188
124 176 190 114 204 174 194 101 111 117 124 192 282 185 185 170 90 94 93 92 94 95 178 154 221 235 309 172 244 274 241 337 420 249 204 194 223 343 323 292 232 187 179 175 171 169 151 183 176 177 196 182 185 186 164 165 165 165 165 166 166 165 167 165 167 165 163 170 169 170 168 165 159 170 169 166 194 221 220 197 174 173 170 176 177 179 179 181 185 186 191 195
112 107 108 115 109 104 118 118 148 130 146 140 200 314 330 253 90 93 94 94 94 97 136 195 191 252 226 178 218 312 306 401 322 276 219 210 264 345 464 277 285 298 192 175 169 165 172 156 183 180 187 187 182 166 167 167 168 168 169 168 170 168 170 169 167 167 166 173 173 171 166 159 164 178 187 173 187 297 298 210 181 177 178 181 179 182 183 185 190 194 195 201
107 125 139 132 143 136 145 136 147 177 209 253 216 267 221 154 90 92 95 94 94 130 122 141 153 195 310 196 194 296 340 405 386 308 278 354 321 515 571 484 441 357 272 184 177 173 177 158 166 176 189 181 176 168 169 171 171 171 173 172 171 172 173 171 170 167 173 173 166 168 167 172 186 295 219 182 193 354 251 201 184 180 186 185 185 187 188 190 194 199 203 206
129 157 154 139 147 197 167 211 145 185 281 328 254 363 244 207 95 93 93 94 95 133 166 182 156 216 254 271 281 247 317 402 377 254 323 462 403 530 515 410 439 293 218 236 184 174 165 160 190 190 189 183 177 171 172 173 174 175 177 175 176 174 174 171 172 169 173 173 173 187 223 205 236 195 240 277 203 298 314 210 194 190 189 191 193 190 192 196 199 203 208 213
131 195 192 158 180 232 272 203 221 289 190 188 144 201 162 126 92 94 94 94 94 123 164 142 241 203 195 241 318 252 380 363 402 312 427 395 506 470 361 279 263 337 286 199 172 186 177 178 180 194 189 184 181 175 175 177 178 177 180 178 179 178 178 177 172 179 176 189 189 278 273 236 211 260 376 222 219 283 249 211 196 194 195 196 196 198 198 198 201 208 212 218
145 229 291 215 149 298 319 289 334 226 192 131 115 114 99 94 92 94 96 97 113 117 114 132 126 156 158 244 182 285 341 284 291 407 337 343 395 492 409 317 266 210 272 199 230 183 165 169 191 191 197 187 183 184 179 180 182 180 183 180 184 182 179 177 180 197 197 185 218 351 247 232 294 369 287 223 262 324 241 211 198 197 200 202 203 203 204 204 206 211 215 220
184 309 386 219 163 210 271 355 186 208 260 208 189 184 92 93 89 94 185 156 149 117 127 133 127 155 135 137 151 215 358 240 250 276 262 358 494 454 320 272 258 307 230 246 247 191 170 183 191 204 196 196 186 187 181 184 185 185 189 184 185 185 183 207 202 192 200 199 220 245 247 302 269 285 218 259 317 318 237 221 204 205 205 207 210 210 212 209 210 214 218 224
286 381 349 327 185 258 342 328 375 326 336 158 94 90 90 91 93 89 116 124 185 112 136 143 121 126 125 144 160 247 214 258 192 223 261 405 462 499 325 327 269 291 240 216 240 207 178 193 184 208 200 197 191 192 185 186 189 191 187 192 190 187 211 215 202 201 212 206 210 254 302 328 408 276 276 271 431 300 246 223 209 213 213 215 216 217 218 215 219 220 218 226
