data/800x600ElevASCint16.asc
ncols        800
nrows        600
xllcorner    -156.003330000000
yllcorner    58.996670000000
dx           0.016258325000
dy           0.010011100000
NODATA_value -32768
[rows 451 to 491 of 600, columns 644 to 735 of 800]
8 10 9 10 14 14 16 19 20 21 27 32 34 127 200 347 265 233 439 448 222 69 154 594 391 79 85 134 543 128 4 8 9 9 15 14 13 16 11 13 16 15 14 11 13 12 14 14 17 16 18 22 26 30 31 32 38 46 89 236 381 325 424 285 122 259 362 442 193 498 448 198 150 134 143 235 458 202 102 118 128 146 152 162 189 209 230 256 289 297 300 309
6 8 8 7 8 16 14 16 17 19 22 27 84 24 17 46 84 127 391 631 156 137 36 386 115 57 166 326 288 8 4 9 10 11 15 14 15 15 14 10 14 10 10 13 13 16 15 14 13 15 17 21 20 22 26 28 38 107 100 154 181 140 47 227 400 536 339 314 152 208 176 133 91 96 121 85 100 85 114 126 129 118 134 162 185 222 219 231 275 282 297 270
7 6 5 6 7 10 13 10 10 13 19 18 12 11 12 54 46 60 76 103 55 1 18 201 53 48 58 420 7 8 7 15 7 12 14 14 15 15 15 13 14 9 9 9 12 15 14 15 15 15 17 16 17 20 29 24 24 24 26 30 33 39 43 48 53 64 66 74 80 88 72 84 87 94 109 95 91 104 114 123 145 156 116 132 158 175 197 198 224 229 228 278
6 6 6 6 7 7 8 7 8 10 11 14 10 8 11 9 6 51 28 47 22 7 10 192 30 36 25 19 7 4 10 15 10 11 14 12 14 12 12 8 8 8 8 8 16 13 12 14 16 17 18 18 19 16 20 21 21 24 26 30 33 37 42 47 50 55 63 69 76 85 69 83 89 89 91 103 110 85 111 165 128 118 225 205 166 128 201 337 406 168 199 184
7 6 5 6 6 6 7 5 6 8 8 14 7 7 6 6 6 6 8 13 16 5 8 12 16 17 15 2 7 13 9 8 8 9 11 14 13 9 7 7 10 11 8 14 16 14 15 15 15 16 18 17 19 21 20 22 25 23 28 30 32 38 46 45 50 57 59 68 76 73 73 87 86 85 87 90 100 93 87 95 244 146 189 351 79 276 302 345 145 135 162 354
6 6 5 6 7 6 6 6 6 6 6 5 6 6 6 4 6 6 6 6 7 9 8 9 9 9 2 7 8 9 8 8 8 9 11 12 12 10 5 10 10 10 8 18 14 14 14 14 15 16 17 19 19 21 21 23 25 26 28 31 33 36 39 44 47 51 56 61 65 67 65 71 87 87 85 89 125 113 124 224 400 354 104 78 263 513 487 190 108 119 390 549
3 7 6 7 6 8 6 6 6 8 5 7 3 5 6 6 7 7 7 7 8 7 8 9 9 8 2 7 6 7 7 7 8 12 8 7 9 4 4 10 6 7 11 12 13 13 15 15 15 15 16 18 19 22 24 24 25 29 30 34 36 37 39 41 45 56 55 57 62 64 62 62 68 100 114 141 383 265 242 449 426 248 78 358 498 590 278 39 76 159 222 393
0 0 0 0 0 0 0 6 6 6 6 6 6 6 6 6 6 5 5 6 7 6 9 10 10 2 5 6 6 6 6 7 7 8 4 8 8 9 4 4 4 10 11 21 13 13 16 15 16 16 20 21 22 24 25 27 27 30 30 33 35 40 39 42 42 44 52 55 54 81 156 61 63 75 82 181 331 551 296 253 323 99 314 471 665 421 93 30 50 384 138 321
0 3 6 6 6 6 6 6 6 3 6 6 6 5 5 6 6 5 5 5 7 6 7 9 2 5 6 7 6 6 4 7 4 4 4 4 4 4 4 4 10 11 12 13 13 13 14 16 17 19 21 31 212 80 173 28 31 30 34 36 38 40 41 45 94 99 89 49 56 138 287 114 62 292 142 125 61 141 417 293 145 127 338 462 484 360 37 29 80 230 63 44
0 3 6 6 6 6 6 6 6 6 6 6 6 7 2 6 6 6 4 7 16 7 5 5 14 6 6 18 6 4 4 4 4 4 4 4 4 4 4 4 9 14 15 12 14 14 13 16 18 18 18 200 515 315 230 550 144 32 33 34 34 59 77 35 35 35 161 126 65 148 180 449 162 187 462 307 169 90 246 306 75 90 463 273 495 250 28 28 28 28 39 37
0 0 4 4 5 7 0 6 4 1 2 6 7 6 5 6 5 5 6 7 19 4 14 6 5 5 8 7 3 3 5 4 4 4 4 4 4 4 4 4 11 13 11 12 11 13 14 15 16 16 48 356 539 521 253 449 699 96 30 31 31 104 342 172 95 86 192 251 115 105 409 561 628 563 343 307 233 210 460 261 43 38 116 386 352 87 28 28 28 57 107 127
0 0 0 0 0 0 7 6 6 5 2 6 6 3 8 5 4 8 7 12 5 8 8 1 5 5 7 5 2 2 4 3 4 4 4 4 4 4 4 11 11 11 12 11 12 12 15 16 15 14 87 84 188 211 580 766 609 532 74 32 27 27 279 398 250 295 350 457 352 260 247 380 376 216 181 244 321 438 245 131 28 175 443 244 82 28 28 28 54 121 261 234
0 0 0 0 0 0 0 0 6 3 7 7 6 9 6 6 8 8 8 5 5 5 5 1 5 7 10 1 1 14 2 2 2 3 4 4 4 4 4 11 16 9 14 6 11 12 13 13 12 14 48 393 564 468 597 244 301 584 147 37 27 27 27 204 509 480 394 341 271 389 414 464 355 199 128 165 398 541 500 132 20 19 100 46 60 28 54 51 129 293 365 244
0 0 0 0 0 0 0 0 0 6 7 0 6 6 7 6 7 6 4 1 8 8 1 5 11 7 1 1 11 7 1 1 1 2 2 3 4 4 9 10 5 9 10 9 10 14 10 10 11 12 11 65 165 286 519 154 277 494 448 85 32 27 32 34 139 35 33 121 226 459 584 425 307 218 85 131 411 722 339 109 20 18 24 36 40 41 43 50 202 320 167 168
0 0 0 0 0 0 0 0 0 0 0 0 6 6 7 6 1 9 6 20 23 33 3 10 6 13 1 1 8 1 1 1 1 1 1 1 2 7 9 14 8 8 8 11 10 9 9 8 10 10 11 41 317 446 472 24 313 629 568 136 148 32 30 37 44 59 140 261 381 624 432 359 274 129 49 26 296 474 428 93 16 13 17 21 25 31 41 144 162 106 55 14
0 0 0 0 0 0 0 0 0 0 0 0 0 3 1 8 8 6 6 4 6 18 1 6 7 4 1 6 0 0 1 1 1 1 1 1 6 8 8 8 7 8 7 7 9 8 8 8 8 8 8 8 9 9 6 7 380 488 647 331 139 42 42 290 183 107 123 392 431 469 260 140 122 31 7 18 195 354 408 119 6 9 11 14 15 26 87 191 126 13 15 12
0 0 0 0 0 0 0 0 0 0 0 0 0 0 0 10 6 5 5 2 8 3 5 2 3 11 1 7 0 0 0 0 1 1 1 1 5 7 8 7 9 6 6 6 6 7 7 7 7 6 8 7 6 7 6 21 273 463 563 505 211 55 60 411 435 145 169 212 520 256 134 100 140 0 0 91 292 455 212 60 6 7 8 9 11 13 10 10 12 13 11 12
0 0 0 0 0 0 0 0 0 0 0 0 0 0 0 0 0 7 6 5 0 5 3 3 6 19 1 0 0 0 0 0 0 0 1 6 6 8 7 8 7 7 8 6 6 6 6 6 6 6 7 6 6 6 115 233 385 582 789 547 426 173 215 248 455 208 181 153 425 212 157 102 60 8 0 0 176 421 145 7 5 6 8 7 8 12 4 11 9 11 9 10
0 0 0 0 0 0 0 0 0 0 0 0 0 0 0 0 0 0 0 7 0 0 0 6 3 6 0 0 0 0 0 0 0 0 4 4 6 8 6 7 8 6 7 7 6 6 6 6 6 7 7 6 7 3 34 73 190 276 621 583 690 482 218 278 216 270 166 80 124 151 151 225 111 0 0 0 79 184 107 28 7 7 7 8 9 8 7 10 5 8 11 12
0 0 0 0 3 0 0 1 2 2 2 0 0 2 0 0 0 0 0 0 0 0 0 0 2 0 0 0 0 0 0 3 0 0 3 4 6 7 6 1 6 6 7 7 6 7 4 8 8 6 9 6 5 6 82 205 276 454 259 430 614 710 320 306 189 143 109 105 132 49 110 70 23 0 0 0 5 6 6 6 6 7 7 5 9 7 7 8 9 10 10 12
0 0 0 0 0 0 4 3 3 3 2 2 2 2 2 0 0 0 0 0 0 0 0 0 0 0 0 0 0 0 2 2 2 3 2 0 2 0 7 0 0 0 2 7 6 2 4 3 7 5 6 6 7 5 103 103 38 38 70 242 403 712 396 321 80 129 62 34 92 103 74 25 12 0 0 0 5 5 6 6 6 6 6 6 6 6 7 7 10 8 10 11
0 0 0 0 0 0 0 0 1 3 2 2 2 3 1 0 0 0 0 0 0 0 0 0 0 0 0 0 0 0 2 2 2 0 1 0 0 0 0 0 0 0 0 0 0 0 0 3 5 5 2 8 7 5 6 4 8 29 21 164 491 745 377 380 110 37 31 25 26 18 60 62 10 4 4 5 5 5 5 6 6 6 2 5 8 10 11 8 8 8 9 115
0 0 0 0 0 0 0 0 0 0 2 3 2 2 2 0 0 0 0 0 0 0 0 0 0 0 0 0 0 0 0 0 0 0 0 0 0 0 0 0 0 0 0 0 0 0 0 0 0 1 0 6 6 2 6 7 6 74 109 470 545 658 352 264 219 75 21 20 16 16 31 32 58 212 42 86 5 6 6 4 7 7 156 6 5 6 7 8 11 10 14 166
0 0 0 0 0 0 0 0 0 0 0 2 2 3 0 0 0 0 0 2 2 2 0 0 0 0 0 0 0 0 0 0 0 0 0 0 1 0 0 0 0 0 0 0 0 0 0 4 5 0 3 3 17 14 7 6 90 147 311 303 492 695 305 149 411 95 18 18 14 21 45 68 281 386 342 147 36 170 168 54 19 153 128 7 6 7 7 11 13 16 14 37
0 0 0 0 0 0 0 0 0 0 0 0 0 0 0 0 0 3 2 2 2 3 0 0 0 0 0 0 0 0 0 0 2 0 0 1 0 0 0 0 0 0 0 0 0 0 0 0 0 0 0 3 3 6 43 6 13 47 126 185 712 694 213 138 413 33 20 25 19 394 476 224 154 333 581 306 148 204 218 199 123 241 6 7 5 6 7 8 10 17 21 25
0 0 0 0 0 0 0 0 0 0 0 0 0 0 0 0 0 0 0 0 3 3 2 0 1 0 0 0 3 2 2 3 3 3 0 0 0 0 0 0 0 4 4 3 3 0 3 0 0 0 0 0 0 7 48 50 53 97 248 548 696 454 178 239 217 12 18 13 362 358 158 246 393 461 367 173 121 170 276 312 274 399 0 5 6 7 7 9 13 17 16 21
0 0 0 0 0 0 0 0 0 0 0 0 0 0 0 0 0 0 0 0 0 0 1 0 2 0 0 4 4 4 4 4 3 4 0 0 0 0 0 0 0 0 0 0 0 0 0 0 0 0 4 3 3 26 28 237 201 166 263 306 492 452 127 144 15 10 10 249 403 109 157 342 563 430 481 467 122 126 197 345 355 376 3 7 6 8 7 8 10 46 17 18
0 0 0 0 0 0 0 0 0 0 0 0 0 0 0 0 0 0 0 0 0 0 0 0 0 0 0 0 0 0 0 0 0 0 0 0 0 0 0 0 0 0 0 0 0 0 0 0 0 0 0 0 7 2 19 92 75 165 298 143 519 211 64 22 10 8 87 451 240 45 229 466 117 123 392 372 179 83 182 433 222 238 6 6 6 9 11 10 10 11 11 49
0 0 0 0 0 0 0 0 0 0 0 0 0 0 0 0 0 0 0 0 0 0 0 0 0 0 0 0 0 0 0 0 0 0 0 0 0 0 0 0 0 0 0 0 0 0 0 0 0 0 0 0 0 0 0 6 70 187 65 174 197 67 8 8 6 171 390 425 118 35 269 267 67 153 382 208 27 21 172 273 182 314 0 6 6 6 7 8 8 9 9 50
0 0 0 0 0 0 0 0 0 0 0 0 0 0 0 0 0 0 0 0 0 0 0 0 0 0 0 0 0 0 0 0 0 0 0 0 0 0 0 0 0 0 0 0 0 0 0 0 0 0 0 0 0 0 0 0 4 77 63 179 42 13 0 8 6 6 198 191 96 13 9 7 6 5 7 6 6 6 6 38 353 147 3 6 6 6 7 7 8 8 9 170
0 0 0 0 0 0 0 0 0 0 0 0 0 0 0 0 0 0 0 0 0 0 0 0 0 0 0 0 0 0 0 0 0 0 0 0 0 0 0 0 0 0 0 0 0 0 0 0 0 0 0 0 0 0 0 0 0 0 12 10 3 0 0 3 9 6 4 25 116 70 6 5 4 4 0 3 1 9 3 17 46 0 6 6 6 8 8 8 8 10 7 8
0 0 0 0 0 0 0 0 0 0 0 0 0 0 0 0 0 0 0 0 0 0 0 0 0 0 0 0 0 0 0 0 0 0 0 0 0 0 0 0 0 0 0 0 0 0 0 0 0 0 0 0 0 0 0 0 0 0 0 0 0 0 0 0 5 6 8 212 49 7 19 8 2 3 0 2 1 0 3 3 9 6 6 6 6 7 7 8 8 10 10 11
0 0 0 0 0 0 0 0 0 0 0 0 0 0 0 0 0 0 0 0 0 0 0 0 0 0 0 0 0 0 0 0 0 0 0 0 0 0 0 0 0 0 0 0 0 0 0 0 0 0 0 0 0 0 0 0 0 0 0 0 0 0 0 0 0 0 0 0 0 0 0 0 0 0 0 3 3 3 3 6 6 6 6 6 7 7 8 9 8 9 10 11
0 0 0 0 0 0 0 0 0 0 0 0 0 0 0 0 0 0 0 0 0 0 0 0 0 0 0 0 0 0 0 0 0 0 0 0 0 0 0 0 0 0 0 0 0 0 0 0 0 0 0 0 0 0 0 0 0 0 0 0 0 0 0 0 0 0 0 0 2 3 0 0 0 0 0 0 0 3 5 6 6 6 6 7 7 7 7 7 9 9 10 11
0 0 0 0 0 0 0 0 0 0 0 0 0 0 0 0 0 0 0 0 0 0 0 0 0 0 0 0 0 0 0 0 0 0 0 0 0 0 0 0 0 0 0 0 0 0 0 0 0 0 0 0 0 0 0 0 0 0 0 0 0 0 0 0 0 0 0 0 5 5 3 5 4 3 0 0 3 4 6 5 5 4 6 8 6 6 7 8 7 8 10 10
0 0 0 0 0 0 0 0 0 0 0 0 0 0 0 0 0 0 0 0 0 0 0 0 0 0 0 0 0 0 0 0 0 0 0 0 0 0 0 0 0 0 0 0 0 0 0 0 0 0 0 0 0 0 0 0 0 0 0 0 0 0 0 0 0 0 0 0 0 4 5 7 9 5 0 0 0 0 4 4 2 3 6 6 6 6 6 6 7 7 9 8
0 0 0 0 0 0 0 0 0 0 0 0 0 0 0 0 0 0 0 0 0 0 0 0 0 0 0 0 0 0 0 0 0 0 0 0 0 0 0 0 0 0 0 0 0 0 0 0 0 0 0 0 0 0 0 0 0 0 0 0 0 0 0 0 0 0 0 0 0 0 5 5 7 8 0 0 0 0 0 0 0 3 4 5 6 6 6 6 6 7 7 7
0 0 0 0 0 0 0 0 0 0 0 0 0 0 0 0 0 0 0 0 0 0 0 0 0 0 0 0 0 0 0 0 0 0 0 0 0 0 0 0 0 0 0 0 0 0 0 0 0 0 0 0 0 0 0 0 0 0 0 0 0 0 0 0 0 0 0 0 0 0 0 5 7 6 0 0 0 0 0 0 0 0 0 4 4 4 6 5 6 5 5 7
0 0 0 0 0 0 0 0 0 0 0 0 0 0 0 0 0 0 0 0 0 0 0 0 0 0 0 0 0 0 0 0 0 0 0 0 0 0 0 0 0 0 0 0 0 0 0 0 0 0 0 0 0 0 0 0 0 0 0 0 0 0 0 0 0 0 0 0 0 0 0 0 5 6 0 0 0 0 0 0 0 0 0 0 0 3 4 5 5 5 5 4
0 0 0 0 0 0 0 0 0 0 0 0 0 0 0 0 0 0 0 0 0 0 0 0 0 0 0 0 0 0 0 0 0 0 0 0 0 0 0 0 0 0 0 0 0 0 0 0 0 0 0 0 0 0 0 0 0 0 0 0 0 0 0 0 0 0 0 0 0 0 0 0 0 0 0 0 0 0 0 0 0 0 0 0 0 0 0 3 5 5 6 6
0 0 0 0 0 0 0 0 0 0 0 0 0 0 0 0 0 0 0 0 0 0 0 0 0 0 0 0 0 0 0 0 0 0 0 0 0 0 0 0 0 0 0 0 0 0 0 0 0 0 0 0 0 0 0 0 0 0 0 0 0 0 0 0 0 0 0 0 0 0 0 0 0 0 0 0 0 0 0 0 0 0 0 0 0 0 0 0 3 4 5 5
