src/200x150Elev.asc
ncols        200
nrows        150
xllcorner    -156.003330000000
yllcorner    58.996670000000
dx           0.065033300000
dy           0.040044400000
NODATA_value -32768
[rows 0 to 39 of 150, columns 0 to 90 of 200]
260 495 352 506 411 421 611 781 577 303 217 250 231 272 551 762 749 859 378 202 129 220 156 105 103 59 90 87 56 55 56 56 57 58 68 105 152 158 257 237 159 164 186 168 173 202 239 189 228 212 231 229 234 226 242 204 187 140 167 149 134 161 167 185 175 165 74 75 71 73 75 74 77 159 127 340 245 283 183 76 81 81 83 84 80 87 135 182 269 153 384
451 352 412 496 451 643 784 548 407 326 190 293 196 461 564 707 1005 656 346 147 150 59 56 90 51 51 53 55 55 55 55 57 59 62 114 117 129 93 93 192 238 138 184 187 198 194 224 239 233 249 226 239 242 179 224 193 192 168 182 198 212 230 230 191 201 158 107 80 73 77 75 80 83 85 140 210 78 79 80 81 82 82 82 89 84 82 81 85 87 152 467
498 296 534 458 601 557 356 627 322 150 281 290 403 360 324 272 98 48 48 50 52 53 50 54 53 52 51 54 54 55 56 59 62 101 97 85 108 256 201 298 304 436 473 233 253 251 264 254 245 186 171 226 203 207 236 216 223 247 251 249 243 237 189 210 184 192 85 79 79 75 89 168 294 148 81 78 80 83 117 114 97 92 91 95 88 85 84 86 86 186 274
190 319 277 367 288 540 308 392 100 299 204 204 144 47 47 50 47 48 52 52 51 54 54 54 54 63 51 52 55 55 62 95 102 113 128 156 108 268 333 179 201 198 208 249 223 247 237 240 239 249 236 252 258 249 253 267 259 238 231 245 248 187 104 105 98 197 160 157 86 76 78 77 72 83 151 155 181 146 127 118 146 119 112 94 93 88 87 87 86 87 200
267 238 208 205 227 121 242 273 276 175 94 50 50 51 51 50 50 51 59 64 82 76 80 83 66 55 55 55 56 58 131 102 99 161 191 182 214 131 152 183 150 185 191 173 229 237 241 255 260 269 261 276 265 263 264 242 238 227 219 194 206 112 318 327 242 238 253 254 188 84 77 129 143 216 170 221 216 176 175 188 310 146 122 142 163 131 89 88 87 89 130
272 402 201 391 317 195 173 55 77 46 49 51 50 53 64 64 68 81 75 69 78 69 77 68 65 58 56 57 61 92 134 151 152 173 137 139 130 143 171 191 223 177 278 235 257 249 265 280 288 294 292 278 270 260 230 230 221 196 184 129 124 214 360 240 226 179 161 97 134 162 280 367 264 246 236 322 284 194 232 202 193 113 162 168 194 141 141 93 103 89 91
287 161 45 49 49 45 53 49 110 172 124 128 127 82 53 84 87 86 90 90 80 74 70 70 57 57 57 58 123 131 151 158 180 178 117 129 121 143 227 255 285 284 269 278 273 278 296 287 305 291 272 262 243 227 213 195 175 147 132 186 172 178 242 164 174 160 216 150 183 170 157 244 219 240 230 323 283 217 204 136 164 187 194 191 169 187 215 165 108 120 115
47 48 47 47 115 81 126 197 148 185 89 101 82 97 78 73 71 97 115 105 88 63 59 60 59 58 112 139 140 115 209 164 153 157 169 101 187 266 423 350 313 254 236 210 256 308 332 322 292 269 230 225 217 195 183 157 167 172 199 378 410 282 384 219 295 246 161 122 199 174 299 241 208 198 198 252 255 132 132 172 194 181 196 169 159 238 226 222 184 132 129
46 47 50 52 76 84 252 181 257 143 131 149 146 67 92 105 76 86 100 118 102 61 60 97 119 141 128 143 171 133 137 167 159 136 95 166 251 369 453 378 228 189 170 285 303 350 367 280 250 250 224 219 174 188 193 178 153 198 389 317 639 450 445 431 267 193 157 103 141 205 404 255 212 292 232 143 204 222 201 223 194 195 200 202 174 175 210 198 188 157 98
50 99 115 65 75 100 102 344 279 164 151 139 149 101 77 87 81 86 107 137 112 109 62 63 63 104 125 213 164 160 159 141 93 123 115 119 144 179 271 207 226 192 361 258 307 264 202 226 234 247 241 233 249 169 179 174 186 365 288 327 362 457 373 226 195 175 170 221 307 281 251 229 226 223 217 227 243 252 244 198 249 223 248 206 189 167 192 182 176 99 99
78 137 330 78 139 346 241 413 166 103 101 88 90 86 95 119 67 105 119 129 132 124 65 64 64 66 173 143 136 218 182 87 118 257 281 238 201 319 282 165 228 443 310 283 197 160 179 195 210 250 275 215 267 250 185 184 625 441 447 407 267 386 250 235 188 158 115 114 283 226 268 253 232 226 243 239 217 187 229 266 268 263 259 209 188 206 199 164 144 103 100
182 223 113 163 309 153 298 352 235 334 351 154 133 102 127 129 114 109 138 86 127 70 95 108 66 65 69 72 115 77 126 281 200 201 405 436 206 95 211 240 245 300 294 263 160 245 288 236 305 369 282 280 259 210 266 522 410 493 516 368 355 203 186 222 152 127 182 239 353 321 224 228 234 247 245 272 252 243 238 323 261 266 314 206 249 173 181 134 109 106 105
305 309 295 263 137 148 299 324 267 192 181 124 105 90 79 83 105 92 79 67 71 97 94 138 104 76 71 71 74 122 221 246 432 436 335 391 150 234 90 96 98 140 182 140 347 332 174 326 261 549 483 295 418 198 319 250 303 344 289 216 286 483 356 307 237 201 159 267 292 262 263 278 242 318 275 285 314 267 281 286 326 294 288 255 208 155 117 111 111 109 108
473 527 359 227 314 291 266 264 215 128 108 117 109 99 98 140 107 105 68 167 250 115 128 142 168 141 124 75 68 257 231 183 352 240 227 82 90 264 240 167 214 261 178 195 180 231 178 391 385 472 344 299 373 237 263 282 455 352 279 287 470 721 394 378 256 201 333 365 311 376 370 283 288 316 289 320 295 262 308 236 386 243 226 215 174 151 114 114 112 162 153
330 314 263 333 275 201 210 251 336 164 234 216 194 123 114 137 109 121 76 95 344 347 271 133 129 98 101 204 117 77 77 77 73 163 222 342 150 161 313 312 259 201 244 358 313 232 360 210 355 279 260 400 412 247 210 294 512 305 259 349 559 778 588 329 253 244 297 413 346 423 350 289 294 326 318 301 276 292 265 247 248 236 244 238 158 118 117 121 172 177 169
279 253 274 212 205 157 188 207 343 192 205 203 212 183 198 112 184 147 97 86 186 170 153 123 120 88 141 256 200 207 228 300 354 564 510 343 110 463 366 275 138 237 206 296 199 385 176 180 362 169 169 344 283 214 291 330 460 281 328 318 363 434 471 361 492 403 606 708 665 448 513 453 302 349 359 328 266 223 202 246 283 184 172 230 166 123 125 125 132 167 167
201 235 155 207 216 138 178 273 397 354 248 222 183 170 142 116 107 117 71 132 114 185 141 169 112 170 127 259 322 261 469 516 376 230 293 389 406 370 338 100 104 102 110 118 115 123 227 159 135 144 145 280 213 218 338 263 215 361 302 348 353 344 479 440 423 389 451 632 570 623 357 345 364 396 286 372 247 248 231 162 148 134 125 125 125 160 145 133 140 143 151
256 257 168 148 140 127 152 235 241 210 234 159 246 101 88 80 87 94 145 158 161 130 212 189 137 181 327 297 476 260 202 284 141 304 325 325 427 480 365 205 116 178 340 271 259 211 131 225 334 202 219 270 203 191 235 276 402 273 283 295 312 322 328 360 415 536 519 510 546 439 313 316 273 228 301 216 219 220 207 169 163 139 127 125 175 166 146 147 152 156 158
319 314 277 255 159 111 117 127 185 178 362 187 119 105 81 167 214 162 217 134 158 184 183 173 175 191 179 430 265 322 189 105 91 272 165 270 454 460 226 170 178 346 389 471 287 214 140 174 327 268 310 270 284 372 347 280 292 323 391 469 394 539 635 505 569 619 569 582 517 329 326 317 303 296 241 214 229 198 183 182 158 140 129 163 148 150 150 154 159 164 169
250 213 187 154 179 190 136 105 201 244 181 311 167 83 90 169 239 182 140 192 218 222 134 225 167 343 172 233 194 137 236 96 105 174 184 370 381 338 229 155 312 581 442 542 362 420 214 445 324 314 347 233 442 408 273 291 420 513 518 404 398 433 589 488 535 618 682 406 352 265 391 320 248 206 221 224 205 186 181 207 243 141 133 138 173 171 171 162 169 178 185
285 167 187 278 226 240 228 145 102 105 338 152 87 169 94 254 262 372 209 315 186 227 245 268 266 290 161 193 293 318 213 97 216 460 460 373 241 200 159 291 415 364 643 440 297 256 360 423 398 308 328 309 346 255 266 353 701 373 427 432 561 650 617 416 375 591 554 467 277 237 305 265 218 210 212 193 183 239 265 231 238 165 138 157 185 217 171 175 186 192 199
163 224 226 234 229 172 156 213 139 146 113 118 157 245 104 189 300 366 411 255 409 331 333 200 241 219 141 164 169 122 104 163 351 660 632 284 246 213 219 545 391 665 509 239 324 310 333 600 585 356 442 289 336 229 250 397 623 337 384 461 373 557 639 319 562 379 373 363 239 240 210 230 197 191 180 171 204 227 261 205 193 139 143 167 154 162 173 187 202 211 218
187 172 168 162 151 152 140 210 201 208 147 311 282 158 220 299 292 491 241 401 446 405 349 293 172 250 278 140 111 108 111 212 330 550 305 239 264 211 267 622 346 395 198 219 290 331 552 919 718 332 307 267 245 220 280 243 252 401 288 329 577 387 441 266 357 383 358 228 212 209 316 227 198 188 167 165 254 286 224 231 234 141 147 172 163 197 200 206 223 239 250
99 107 129 155 126 130 213 207 292 314 286 364 221 259 193 296 359 442 416 378 301 374 200 186 128 117 116 130 152 116 119 130 208 321 479 339 320 302 352 399 388 217 330 446 421 536 515 626 359 315 274 236 216 234 247 225 437 322 261 339 429 297 242 289 392 367 224 202 203 260 254 217 217 187 162 167 232 187 151 148 146 145 155 201 190 190 221 244 282 291 275
88 108 128 93 95 177 250 328 261 261 313 232 207 244 333 413 394 567 371 306 302 181 137 122 122 142 173 188 190 136 119 134 233 341 630 438 329 481 416 513 301 230 553 325 416 445 633 493 431 279 240 243 208 249 213 208 250 234 302 475 602 366 224 215 189 194 194 194 288 325 325 251 218 164 159 157 157 154 168 149 148 171 193 206 209 244 284 315 411 426 307
82 81 107 144 174 229 264 250 400 239 185 303 339 347 362 394 346 386 302 297 143 226 163 188 200 216 278 307 203 137 128 162 301 294 520 559 381 564 478 607 570 289 586 449 344 502 356 378 302 344 355 326 213 211 207 213 239 340 258 515 344 242 209 198 195 190 190 192 322 252 460 207 192 165 160 159 157 161 152 151 173 167 192 199 234 336 443 489 716 565 352
89 79 103 140 163 264 320 262 266 321 335 368 320 389 263 425 333 241 221 149 142 285 266 229 166 370 262 196 167 145 164 170 339 428 586 516 718 399 490 771 326 358 486 603 488 408 256 257 474 288 305 196 272 245 340 342 276 213 205 272 287 196 194 193 197 196 190 194 387 205 391 178 171 165 163 163 163 161 159 159 185 175 212 263 362 691 473 607 683 720 371
168 245 103 161 227 250 241 259 350 285 306 375 415 296 333 239 188 149 184 164 435 257 444 284 192 533 378 253 161 170 194 273 217 348 471 525 464 786 609 351 352 496 522 547 348 457 501 211 212 203 210 211 214 248 286 203 312 192 192 194 196 197 198 199 199 195 193 190 188 218 179 178 174 172 171 169 172 171 163 166 190 210 223 322 664 645 806 736 480 406 482
120 123 147 267 173 269 165 228 326 376 498 335 392 225 297 167 197 384 154 289 271 474 358 366 256 566 339 257 178 228 269 420 342 450 623 564 525 675 697 354 399 407 546 339 476 229 214 187 187 232 206 241 273 308 268 203 194 192 220 198 198 200 201 205 202 198 208 192 191 186 184 186 181 180 178 182 179 177 174 177 186 226 304 403 706 789 562 621 445 461 456
140 179 131 187 194 211 227 276 300 445 487 259 309 175 168 182 256 198 160 162 194 453 346 460 293 268 312 195 204 255 378 435 560 592 570 596 619 519 356 417 370 487 258 440 253 182 185 253 290 229 452 387 281 281 234 210 200 198 202 204 201 201 207 212 207 248 214 202 197 197 198 199 197 195 194 195 193 193 189 207 261 407 488 765 838 683 527 553 493 483 517
199 178 300 296 346 212 310 364 264 330 446 184 238 383 243 222 291 209 185 177 208 357 360 337 321 259 332 407 247 302 431 391 370 377 597 477 520 475 488 400 363 251 261 192 196 237 396 268 249 363 330 350 284 249 279 230 202 206 211 211 209 211 218 216 220 215 212 213 213 215 216 218 214 216 218 222 225 217 276 407 593 596 742 891 698 690 554 804 544 553 588
285 253 326 285 278 276 441 453 224 312 234 407 291 286 282 342 227 172 228 187 196 271 309 337 619 396 291 446 241 275 481 406 390 489 841 525 462 579 288 379 211 234 180 176 205 391 452 228 267 300 357 296 252 239 231 223 208 214 216 219 228 228 222 220 230 238 224 231 234 237 241 242 239 240 251 261 265 301 479 393 492 712 731 1290 1048 1076 708 665 576 704 662
257 177 180 193 284 516 321 283 202 251 442 341 285 416 398 336 190 224 288 197 246 368 337 356 459 468 418 273 442 430 818 692 521 516 466 511 411 376 222 197 231 172 174 184 206 427 319 251 239 230 245 286 240 225 230 226 229 235 233 240 236 229 227 229 237 229 232 242 251 257 260 262 259 261 280 292 312 343 412 528 590 642 1006 821 715 842 694 601 707 646 825
246 245 254 215 256 366 248 214 328 281 289 247 389 304 191 205 216 257 288 246 298 381 360 317 406 458 523 302 592 527 553 629 371 431 357 310 279 365 206 167 173 181 232 214 297 393 244 260 292 285 271 255 248 248 249 246 250 246 241 246 238 238 240 248 249 246 249 259 272 281 289 292 288 298 318 340 365 408 452 426 622 812 1215 801 1069 687 863 654 759 682 732
433 343 275 293 328 233 314 247 436 250 290 252 207 231 229 289 267 351 283 247 279 289 395 380 698 951 516 430 437 720 453 570 498 338 270 242 205 188 168 169 183 239 211 222 450 306 272 307 296 271 254 252 247 258 259 267 261 253 249 246 248 250 254 263 266 259 268 276 290 307 318 322 338 397 448 440 476 497 685 763 793 1075 977 1100 886 851 954 854 756 1076 738
358 403 313 288 271 332 293 265 299 224 214 229 289 287 305 331 309 332 308 305 477 375 417 398 489 560 447 547 510 445 751 425 350 259 216 209 177 170 165 168 172 173 188 260 558 287 308 280 265 251 250 254 258 262 261 258 264 258 258 263 264 269 274 283 294 290 305 299 308 330 344 362 387 452 471 502 488 689 645 1060 1121 1148 888 1000 1084 1152 1071 779 1058 1175 1319
592 486 352 268 328 375 366 278 285 255 263 267 366 422 649 507 434 389 316 368 528 662 883 514 569 1112 585 657 609 543 395 357 322 360 193 177 166 163 168 175 175 178 192 721 469 257 261 251 244 248 256 256 266 263 264 309 267 286 283 308 303 285 290 306 321 320 326 327 333 366 369 454 436 506 550 588 752 787 973 1014 914 709 742 774 905 1067 898 1119 892 1328 1212
407 315 328 359 652 457 400 426 353 293 302 257 331 543 757 679 912 581 366 382 465 635 885 481 472 431 747 775 583 533 490 412 404 203 197 169 161 166 178 178 218 181 199 482 337 246 225 227 241 237 243 251 260 288 313 291 307 309 297 298 285 320 311 318 345 349 364 364 369 416 488 578 534 679 875 980 664 842 611 877 707 723 855 917 978 1006 1145 1183 980 1655 1122
242 410 331 356 482 534 487 325 295 209 287 308 285 404 589 737 614 477 404 401 364 471 543 420 407 560 856 478 645 525 293 290 223 189 168 157 160 170 179 215 224 185 262 264 276 215 220 226 232 240 249 269 280 277 321 294 309 327 301 306 320 338 371 341 351 377 394 403 417 542 612 639 563 490 620 699 734 769 772 779 822 876 936 845 842 937 1171 1281 1095 1224 1518
257 334 329 493 557 557 429 313 297 243 177 246 271 345 360 501 494 531 443 329 330 305 262 447 348 689 438 379 375 365 340 241 176 177 160 184 173 178 181 221 189 210 198 203 207 219 224 239 242 247 257 285 293 310 301 331 318 325 329 392 584 365 477 373 398 416 424 468 513 468 497 578 589 541 556 530 552 561 592 632 652 682 720 751 869 875 911 1028 1187 1695 1288
