src/200x150Elev.asc
ncols        200
nrows        150
xllcorner    -156.003330000000
yllcorner    58.996670000000
dx           0.065033300000
dy           0.040044400000
NODATA_value -32768
[rows 40 to 79 of 150, columns 91 to 181 of 200]
1505 1745 1522 2002 1676 1523 1195 943 1381 990 1136 813 1326 1289 1268 993 663 669 670 677 695 730 766 978 869 796 670 799 824 1143 1146 965 890 878 879 887 894 877 825 825 1026 999 910 786 788 904 868 819 1216 1365 1530 2031 1583 1600 1796 1955 2355 2075 2073 2058 2169 1854 1726 1942 1657 1501 747 801 1176 1287 1822 2313 2073 2158 1724 1912 1322 1595 1374 2073 1550 2019 2068 1441 831 730 976 1444 946 1474 1276
1546 1517 1193 921 1723 1265 1186 1553 1012 805 959 834 825 739 718 719 748 874 933 1423 767 1283 1227 1434 1292 1448 1246 775 680 696 785 806 821 822 824 822 837 797 793 865 870 843 778 779 922 1167 1276 1172 1410 1358 1615 1370 1273 2041 1204 1908 1911 1409 1621 1714 1103 1113 1502 1146 1818 1227 777 1307 1431 1119 1622 1962 2010 2152 2295 1819 1556 2216 1860 1894 1868 1535 906 831 1725 1479 1710 2137 1947 1649 1907
1288 1520 1538 878 1435 1404 1316 933 1325 941 752 797 771 740 733 781 1214 1338 1268 1534 1471 999 1176 1304 1305 1186 1259 835 844 745 744 767 751 782 785 794 789 823 813 801 808 771 814 958 1060 1108 1112 1229 1458 1592 1453 999 1534 1654 1013 1662 1490 1177 1360 1361 1007 1478 1339 1256 1302 1114 767 793 1816 1569 1541 1518 1644 1945 2169 2711 1875 1784 1722 1498 1325 1073 1592 2049 1684 2216 2060 1453 911 788 769
1146 986 838 786 745 976 1255 897 859 974 834 757 702 697 768 930 924 1101 1183 1301 1346 863 1319 1354 1341 1198 1165 934 898 834 828 832 919 923 887 814 801 816 806 795 784 865 1159 1617 1392 1185 1244 1217 1381 1797 1041 1242 1670 1717 933 957 1006 1104 1077 1048 1024 968 946 1055 1070 834 1015 835 1252 1312 1468 1392 1923 2136 1883 1556 1771 2284 2022 2063 1419 1891 2536 1941 1559 1303 1089 1382 1536 1999 1321
1638 1188 1591 1385 1378 1033 854 746 673 835 720 672 694 801 1368 1238 1270 1116 1426 1256 1275 1091 1058 1376 1155 1137 1099 1034 1108 964 935 1215 1194 1065 986 971 913 793 769 761 825 1533 1335 1320 1236 1792 1378 1445 1418 1419 1151 1112 1543 1161 900 1253 1213 1396 1371 1383 1230 1123 992 1046 965 958 1206 959 1004 1235 1119 1610 1697 1446 1354 1828 1805 1792 1386 1503 1488 2322 2327 2272 1851 1605 1372 1624 2076 1624 924
1743 1237 1301 1831 1369 1353 1024 854 574 605 627 672 968 703 846 1042 1240 1195 1174 1171 1409 1546 1444 1213 1396 1224 1385 1045 999 987 1224 1345 1216 1175 1048 1167 1144 1004 800 754 924 1441 1066 1589 1087 1446 1411 1024 1385 1364 1519 977 1034 984 888 1097 1119 1180 1180 1374 1189 1057 1207 901 851 883 1005 1145 1040 990 1113 1398 1333 1439 1238 1201 1539 1371 1270 1521 1145 1656 1414 1997 2206 1598 2035 2728 1548 1137 1486
1510 1220 1161 731 1217 1045 916 666 560 537 640 1270 1646 1283 755 1024 880 1086 955 1421 1126 1447 1340 1574 1302 1290 1348 1215 998 1204 1590 1280 1028 1045 1360 1311 1271 1284 916 747 1390 1302 1438 1341 1370 1240 1319 1669 1200 1278 1143 1192 970 1002 880 981 1192 1347 1503 1544 1254 998 1598 957 1167 1227 1056 922 1048 980 1089 1192 1106 1236 1052 1070 1175 1116 1081 1305 1275 1304 1267 1115 1186 1197 1644 1513 1832 1983 1731
1401 1444 1327 1144 1134 1034 717 489 525 699 1537 1263 1668 1353 851 1005 1266 1322 1366 1149 1243 970 1475 1381 1209 1089 1334 1195 1436 989 1095 1052 1194 1057 1171 1330 992 1116 806 745 1066 1380 1102 1428 1504 1274 1269 936 1109 1093 1057 1000 980 965 874 945 1172 1179 1149 1162 1185 979 1318 860 1256 1281 1181 1132 1007 996 989 1149 1267 1030 998 1261 1268 1095 1066 1086 1576 1155 1772 1018 1293 1551 1601 1105 1367 1286 1775
1163 1080 1321 897 862 536 574 435 575 1210 647 1460 1158 966 1107 1512 1333 1191 1009 1484 1400 1200 872 1305 1360 1464 1024 1140 1563 994 1126 1455 1072 1003 862 917 883 883 748 741 776 900 1019 1214 1648 1606 1102 966 910 958 972 949 1068 967 870 943 1106 1157 1141 1101 991 909 898 862 961 1065 1120 1080 1298 1032 919 1045 1050 952 1168 1162 1211 1162 1073 1045 955 1089 1357 1044 1039 1236 1629 1447 1034 1829 1339
739 1261 764 1033 696 538 485 567 872 1441 1099 1178 1050 1249 1453 1295 1316 1389 1255 1082 1071 1468 1265 887 1503 1432 1236 1026 934 1097 1352 1260 926 851 910 1418 1696 1246 819 736 733 740 736 830 805 845 876 833 920 967 966 996 990 907 873 901 984 971 1013 977 967 873 969 1242 905 1020 1001 1061 1435 1187 799 979 1083 919 1032 1429 1278 1124 1037 1226 908 978 1017 932 919 1004 1150 1542 961 1047 1351
770 588 701 711 576 467 510 661 1239 1303 884 933 1564 1444 1075 1347 696 757 1386 1109 979 1555 1528 741 1543 1104 921 1038 948 948 926 793 839 1206 1267 1593 1077 1126 1198 816 737 747 776 847 761 793 809 797 899 1182 1201 1029 942 874 857 875 910 924 939 922 888 880 997 1154 890 955 1017 1016 1076 944 935 1009 917 925 1112 1059 1098 1149 989 953 897 922 883 953 1030 973 892 933 959 1233 1015
887 461 565 421 412 347 492 531 1091 1053 629 1078 1020 903 569 1028 1216 1267 1040 1361 1500 1281 958 861 1000 926 920 1013 929 805 778 1077 1270 1408 1177 1086 1482 1145 1425 1124 1021 882 806 788 720 808 788 786 855 1010 941 912 858 859 893 905 874 910 891 915 906 863 825 883 872 938 1038 1156 992 864 852 1064 880 898 951 1105 950 1013 947 909 930 872 890 1042 1075 989 861 939 1323 1136 1072
749 351 388 371 402 396 463 467 1389 503 1336 1074 568 619 804 994 865 991 1098 1325 1229 1041 1009 718 755 887 995 845 741 757 742 1178 870 1102 1245 1160 1174 1129 1057 964 876 972 814 745 774 735 746 747 786 817 821 831 866 930 983 957 945 960 984 965 924 924 915 859 807 859 1109 1157 944 846 843 1031 873 856 859 959 915 977 903 945 859 821 1132 946 933 858 902 1370 1561 1220 1136
377 298 356 359 473 983 1141 433 749 642 541 531 790 856 875 713 917 1088 1088 901 923 927 872 720 715 719 717 695 669 676 802 1168 1273 1268 1397 944 1058 1114 1013 890 917 991 895 770 717 747 748 736 752 797 810 991 1117 1128 1376 998 1174 1050 961 968 1014 1274 1081 1099 932 884 749 800 819 780 881 926 1003 883 841 842 910 845 943 896 824 772 870 873 802 892 938 1004 1386 1296 1508
255 293 414 654 934 843 339 453 289 276 392 566 659 741 737 453 642 1091 1024 1040 773 685 446 622 546 464 640 632 477 635 704 802 815 953 927 940 914 949 1019 1047 1034 1093 1050 812 734 712 748 1012 1038 1032 1067 988 900 926 912 952 960 949 978 991 1052 1181 1149 999 1154 948 912 779 917 1031 834 987 988 933 860 841 779 802 809 796 789 787 806 759 826 1058 884 1210 919 1216 1300
333 321 686 533 519 376 348 816 966 765 957 748 748 923 635 1003 552 607 560 593 595 552 697 724 690 698 947 850 1159 1073 814 658 734 548 535 984 1294 1196 1051 1025 1115 1113 1230 835 744 788 1045 995 1264 1283 1264 1233 891 968 843 1108 883 1182 1218 1023 1018 801 1119 1145 866 1172 1045 842 755 783 799 753 806 796 800 799 767 785 765 751 799 887 809 737 783 765 812 840 1367 1046 1249
699 749 759 562 323 270 861 652 676 1037 934 1133 1058 1051 942 988 779 811 706 620 640 725 717 763 843 1246 987 932 1288 1292 1550 936 682 1015 1097 974 763 892 1145 1038 906 1093 1183 849 738 742 900 1060 890 827 831 866 803 790 777 791 765 798 791 818 802 741 848 850 798 891 846 964 795 760 769 803 721 783 772 726 747 753 766 736 741 721 724 791 753 927 769 953 1083 1151 1150
573 598 577 186 626 958 1068 1134 1104 992 1132 1228 1152 1004 912 915 766 581 595 764 796 904 1211 1052 1587 1048 1176 1521 1024 1239 1038 832 772 1066 961 1016 826 765 572 644 794 961 981 772 695 766 747 771 857 917 909 945 845 855 845 822 756 750 824 740 781 845 703 689 748 781 878 776 762 774 747 799 707 682 683 717 726 722 747 717 703 713 651 700 702 696 685 690 671 682 725
818 455 326 803 855 1030 888 671 583 712 785 1047 819 972 907 736 571 616 753 848 1256 1119 1024 1017 1120 1326 1505 1225 966 1045 1036 848 965 995 997 970 1064 1095 922 876 805 815 672 738 743 750 738 766 738 763 812 785 761 736 731 735 728 717 690 719 697 650 638 647 646 639 667 674 673 668 694 679 681 687 666 685 694 727 713 708 696 684 677 622 674 667 598 595 603 609 615
391 315 804 892 692 709 804 718 815 957 1021 971 1030 698 691 491 728 766 978 1067 1351 947 1554 1266 1737 1696 1309 1066 1357 1190 1137 853 1029 991 999 1116 1109 1202 952 828 801 742 764 760 734 751 792 753 765 754 758 749 741 740 756 773 803 909 827 855 790 760 669 620 633 630 646 614 619 666 676 678 683 680 650 679 682 678 671 666 664 662 659 596 591 629 633 648 636 652 665
153 549 822 507 491 466 738 938 1088 875 973 940 962 604 425 737 474 1164 1285 1192 1168 1224 1626 1961 1722 1554 1285 1527 1443 1133 1161 974 1227 1131 1237 1487 1465 1182 958 880 791 792 788 772 752 774 798 776 756 735 822 821 824 772 765 822 788 811 810 827 818 806 724 666 621 634 643 632 582 627 641 650 652 678 645 670 673 671 656 652 645 658 633 576 630 652 666 699 708 729 744
329 633 621 486 526 805 846 819 836 935 978 895 594 717 867 1299 732 815 841 841 964 1177 1275 1583 1774 1337 1412 1639 1752 1381 941 1385 1358 1366 1233 1228 1341 1105 951 885 819 834 831 794 773 774 782 783 775 748 737 795 822 802 770 778 789 847 820 829 837 793 711 666 662 629 638 636 644 639 601 652 656 661 658 611 633 639 650 640 625 547 599 652 686 694 717 772 798 831 902
328 449 540 480 636 648 613 516 856 955 1245 684 660 703 822 1353 1092 1119 961 656 635 766 1433 980 1040 1463 1538 1308 1380 1216 1054 1655 1751 1573 1418 1275 1149 1107 1025 841 835 900 922 853 799 795 792 795 810 817 776 738 725 777 792 791 812 827 827 838 825 725 675 661 651 636 638 665 652 632 593 602 607 621 631 628 621 626 604 588 588 547 603 673 693 752 805 906 895 1197 1395
256 327 330 421 447 492 356 551 836 715 563 419 884 1146 1442 972 1356 1333 1077 748 1153 779 771 1246 1631 1184 1377 1634 1356 1328 1261 1171 1471 1424 1527 1209 1245 1128 913 941 892 949 881 832 824 820 800 884 917 916 894 767 738 755 829 797 806 845 845 825 748 703 675 645 645 636 656 653 644 620 600 577 589 610 612 620 626 584 572 581 523 575 615 666 730 792 896 1013 1171 1289 1619
184 256 339 261 372 268 559 445 359 375 393 879 1150 1519 1316 1350 1434 1558 1127 1412 1119 1282 955 698 1429 1201 1148 1614 1804 1106 1789 1888 1484 1498 1429 990 1133 1191 1092 974 870 993 937 861 862 831 829 822 823 878 846 759 733 731 792 814 828 817 886 817 726 669 677 652 646 638 638 656 659 636 614 525 571 588 586 591 586 557 532 508 566 599 666 700 812 925 1064 1232 1454 1141 1458
141 137 199 270 187 259 354 541 685 953 597 455 787 1079 1599 1004 905 859 1200 1213 1485 1720 1511 832 1022 1671 1899 1752 1336 1784 1277 1619 1112 1478 1529 1347 1486 1669 1250 987 908 1173 1094 958 981 922 891 906 824 807 784 753 720 745 737 769 780 792 753 743 695 650 644 664 650 648 652 650 641 623 591 559 550 583 570 571 480 548 533 579 655 688 721 775 889 1066 1221 1453 1633 1670 1381
154 158 236 439 514 654 707 656 186 911 1167 654 948 856 595 1452 1140 1445 1233 1388 1417 1793 1529 1528 745 919 1558 1861 2044 1513 1865 1451 1471 1646 1631 1432 1018 980 989 1036 1079 1021 1095 1070 1125 1004 981 917 858 816 766 743 724 720 720 736 743 791 770 703 708 679 644 673 657 669 642 620 609 589 561 543 512 553 556 494 517 567 668 706 736 743 798 872 1017 1249 1376 1529 1874 1924 1969
139 298 247 632 712 643 659 737 779 479 260 248 944 1434 1498 1062 660 1058 1419 1532 1533 1692 1317 1781 1170 1148 1782 2008 1734 1854 1630 1696 1636 1602 1133 1070 1142 1471 1226 1042 1107 1121 1223 1091 1152 992 1001 890 849 845 765 738 726 742 720 729 740 722 700 684 670 657 644 659 663 640 615 575 560 552 533 523 441 433 541 606 636 671 706 728 757 804 891 954 1068 1377 1417 1549 1684 2202 2997
128 181 217 406 600 596 684 804 978 1200 841 1164 453 364 1102 1767 1521 1555 1336 1903 1153 1461 1996 1658 1640 1008 1275 1743 1511 2036 1864 1825 1554 1176 1267 1367 1411 1568 1278 1203 1275 1130 1160 1201 1061 1002 943 929 876 855 771 749 742 750 750 761 735 704 695 675 668 662 666 650 658 619 590 554 534 523 516 491 412 531 586 633 638 605 662 784 819 843 874 870 1064 1326 1495 1746 1988 2523 3626
129 176 249 355 466 586 776 1001 1132 1217 1272 1297 1068 1099 306 1549 1758 1806 1680 2098 1972 1871 2014 2242 1267 1287 1905 2089 1925 1869 1676 1422 1390 1267 1510 1547 1627 1598 1125 1210 1203 1262 1244 1186 1011 964 916 891 882 842 790 745 727 762 805 810 781 757 739 686 637 676 664 641 644 599 570 529 515 511 499 481 505 535 600 639 687 700 739 832 917 1079 1167 1163 962 955 1358 1572 1685 1817 3310
114 147 223 335 472 638 702 940 1325 1186 1194 1103 1220 1233 1377 783 394 826 1584 1256 2076 2438 2361 2083 1401 1739 1497 1856 2016 1816 1641 1734 1380 1506 1810 1453 1334 1427 1378 1393 1161 1172 1269 1032 1096 1010 945 880 849 808 785 750 711 769 867 902 850 836 803 726 685 677 652 649 634 590 539 503 486 496 486 472 469 510 549 641 693 776 810 909 1080 1383 1472 1979 1384 1075 1211 1415 1676 1852 1812
113 128 206 307 399 389 504 780 635 1310 795 1031 1488 1433 1540 1318 1501 2068 715 1309 1714 1912 2136 1742 2249 1989 1403 1164 1549 1232 1758 1464 1423 1704 1625 1673 1617 1312 1451 1313 1255 1339 1199 1141 1084 1015 889 856 837 869 801 739 714 723 852 940 885 855 906 897 795 633 615 649 648 606 550 513 461 468 472 383 453 510 575 660 730 805 862 1009 1284 1675 1949 2456 1601 1282 1142 1303 1442 1616 2379
98 109 198 292 363 691 931 988 846 1200 1058 988 1140 1665 1544 1354 1069 2008 1529 1044 2074 1795 2149 2249 1970 1751 1834 1670 817 1315 1541 1728 1799 1927 1613 1758 1451 1450 1410 1283 1111 1143 1021 1122 996 918 909 816 854 902 851 761 735 696 701 791 786 767 748 745 687 648 636 609 640 586 546 511 470 446 443 355 407 499 550 654 732 818 885 1059 1343 1780 2132 2039 1869 1521 1495 1619 1930 2140 2050
83 107 176 302 426 532 677 631 892 1325 960 1086 1353 1299 1790 1504 1366 1270 2118 884 1317 1593 1919 2139 2077 1938 2198 1400 1473 1272 1683 1617 1521 1766 1718 1538 1392 1548 1274 1162 1084 1105 1251 1170 1096 964 885 823 900 1084 969 778 750 685 676 760 717 686 661 655 655 638 591 610 513 584 549 501 477 460 431 360 396 486 537 628 697 783 888 1080 1324 1577 1553 1806 1469 1645 1675 1672 1812 2321 2447
81 97 182 223 313 294 213 240 360 471 614 1080 838 1095 928 1708 1805 1793 2030 1543 1515 1706 1875 2318 2048 1626 1445 675 1238 1899 1838 1532 1468 1124 1324 1665 1193 1579 1314 1287 1370 1688 1183 1166 1121 986 900 824 1096 1127 1071 760 720 695 674 638 628 620 624 617 525 544 654 638 652 647 573 518 481 483 451 422 333 466 502 548 659 720 818 982 1123 1139 1408 1442 1623 925 1195 1909 1928 2099 2416
74 82 127 159 455 618 610 943 1008 931 1047 865 476 1214 1268 1446 1423 1871 2104 1924 1875 1178 1689 1357 1704 1432 1441 658 1427 1696 1693 1541 1443 1414 1091 1088 1455 1397 985 1408 1212 1117 1304 1325 1042 971 841 780 752 737 708 684 721 696 634 569 548 541 593 642 659 658 688 705 695 679 628 570 513 489 476 446 397 339 449 530 612 677 737 804 875 1069 1206 1209 839 1371 1305 1256 1758 1612 2459
59 80 121 185 345 673 842 666 1132 1181 1417 1012 1238 1244 914 1040 1070 1756 1441 1928 1249 1633 1377 1307 1417 1286 1280 842 1479 1085 991 1261 1886 1307 1368 1219 935 853 867 1392 1400 1232 1055 942 983 888 771 698 692 733 740 754 795 682 552 541 541 586 660 694 720 675 648 704 717 708 680 625 564 528 494 471 442 360 357 473 590 653 679 711 797 916 936 777 1270 1405 1530 990 1850 1911 1761
65 84 129 188 409 772 901 994 1024 1293 1087 1279 1564 1121 1431 1609 1700 1659 1646 1945 1349 1309 588 1160 1569 956 492 1239 1422 831 1283 1274 1618 1554 1293 1178 1172 1091 886 964 1027 875 895 943 916 852 684 684 934 1267 1063 1023 1100 682 541 541 803 1106 1234 970 822 655 616 922 804 767 746 652 639 573 507 484 463 439 324 382 464 454 638 669 706 760 762 799 959 822 1149 1504 1835 1284 1782
67 82 125 165 349 728 830 637 612 699 1083 1158 1219 1480 1674 1187 1374 1626 1424 1022 1292 1600 620 1345 1553 594 948 908 1061 1449 1497 1481 1357 1021 1147 1365 1150 1017 882 1481 1463 1095 903 944 1016 1023 688 756 1273 1097 1396 1389 1070 845 541 541 1114 903 944 843 922 648 638 1005 832 902 923 894 708 638 616 560 477 464 443 396 336 418 542 632 670 629 704 738 832 869 959 1115 1494 1615 1784
60 72 121 241 295 497 502 787 875 896 949 1446 1299 762 1473 1281 808 1606 1332 1219 1405 1051 507 666 592 399 564 555 791 684 829 957 850 727 601 682 691 1117 1385 865 868 877 979 1376 1520 1476 696 733 1361 1396 1750 1360 1125 1009 554 541 668 1613 1424 827 948 638 606 1075 934 874 1007 1056 724 489 661 762 700 598 443 420 354 263 415 498 599 629 653 518 716 865 1373 1484 1298 902 1085
