src/200x150Elev.asc
ncols        200
nrows        150
xllcorner    -156.003330000000
yllcorner    58.996670000000
dx           0.065033300000
dy           0.040044400000
NODATA_value -32768
[rows 80 to 119 of 150, columns 91 to 181 of 200]
54 71 101 183 387 457 523 685 780 1040 859 1045 984 563 934 1466 698 1135 711 862 960 474 430 441 239 400 526 527 1136 429 357 378 422 568 614 478 539 611 1031 985 1188 740 1156 1919 1320 1114 712 978 1204 1384 1690 1614 1525 1385 579 541 541 964 1328 853 1045 994 555 1309 1278 739 1024 759 541 574 714 805 779 992 776 423 409 431 278 237 434 527 517 551 634 699 812 696 874 951 1072
74 109 106 204 435 431 527 932 1061 1048 1082 885 873 929 575 520 578 418 302 277 178 189 319 854 1042 1330 618 1733 1506 1285 1356 1113 1114 790 1298 1140 1017 743 1069 1803 1709 760 1746 1410 1958 1040 780 1035 1371 1851 1759 1163 1088 1052 636 551 630 1199 1199 892 1107 982 649 526 526 526 526 556 615 657 837 1016 711 798 883 597 447 390 398 415 435 217 288 457 508 614 696 799 728 537 603
89 85 129 199 269 347 461 669 667 604 328 257 246 253 246 265 244 121 240 328 572 872 1255 828 1844 1226 1526 1128 1271 2065 1731 1618 1075 1548 926 1327 1710 1109 876 913 1475 1267 958 1496 1612 1697 910 1022 1024 1207 1373 1514 951 1465 884 582 1290 1285 1006 1306 1289 1308 560 549 1011 1391 1211 777 1019 890 1131 1026 759 712 570 612 528 466 374 292 406 390 206 393 406 426 581 626 563 1183 1321
66 85 90 125 132 149 164 160 166 128 147 187 188 172 185 86 265 491 923 1271 975 1452 1557 1302 1511 1659 1725 1990 1298 1952 1808 1888 874 2131 2052 1401 2115 1023 1028 2208 1388 1840 1157 1480 1599 2044 1063 1250 1184 1393 1945 1508 1319 1664 806 753 1466 1462 1391 1099 1580 927 526 643 1295 1301 832 1311 947 1120 1269 1062 1133 1323 714 572 635 560 654 591 525 302 223 189 258 349 363 393 600 483 1219
61 66 66 72 76 110 113 127 123 136 146 146 133 125 148 168 370 838 1042 997 1364 1845 1857 1356 1892 952 1542 1789 2122 2306 2066 1910 1132 1702 1653 1918 1615 1409 1145 1611 2239 1716 1389 1815 1498 1743 1530 1890 1247 1882 1543 1252 1987 1809 900 1303 1157 1289 1614 1170 1278 806 526 760 1476 982 974 1266 845 1092 1635 1065 965 767 611 672 678 730 943 1199 1052 855 1310 872 427 334 256 361 605 632 655
52 57 57 56 68 73 88 96 117 105 101 114 76 75 62 64 80 979 1489 1360 1134 1647 1788 984 1950 1498 968 1757 1541 1514 1775 1698 1804 2564 1983 1774 1490 1806 1549 1389 1817 2537 1604 2030 1652 1548 1954 1621 1565 1408 1724 1874 1095 1436 1083 1437 1431 1637 1228 1572 1433 718 563 539 1476 1356 1387 1063 1107 1205 1071 707 638 547 528 726 974 1021 1010 1004 1506 1797 1607 1423 1081 974 322 263 548 495 481
48 46 45 45 54 81 116 95 50 28 8 8 8 12 20 22 25 19 17 510 1050 580 789 972 1588 419 1833 1477 1306 1577 1101 2153 2400 1887 2180 2457 3189 2006 1743 1849 1683 2095 2642 2490 1913 2088 2643 1939 1602 1580 1771 1765 1855 1268 1242 1390 1275 1222 852 1440 1143 1091 756 565 1143 1363 1014 1221 876 757 577 783 1185 1051 572 1539 1081 1155 1139 1492 1230 1497 1434 1357 1437 1405 234 156 251 344 353
38 43 36 42 51 72 31 8 7 8 8 8 6 8 11 27 1024 67 20 23 55 1171 1334 1438 847 1373 1402 1630 736 1427 1784 1803 2339 1580 1813 2099 3145 2170 2165 2656 3293 2686 3062 2353 2721 2783 2201 1968 2148 1822 1857 2029 1744 1337 1355 1851 1578 1508 1393 1238 1163 1497 589 706 1634 1447 1224 931 1094 590 1105 960 1219 1140 573 592 906 1136 1054 1606 1601 1310 1072 1027 1213 975 173 477 583 176 302
48 71 53 45 30 0 0 0 1 1 9 221 435 701 1245 866 1516 1016 326 39 30 35 44 384 610 1413 1659 421 1597 1637 1170 1253 1398 1689 2377 3407 3503 3451 2632 2191 1918 1776 2187 1980 3016 2972 2722 2606 2353 1956 1794 1613 1507 1409 1399 1557 1722 1439 1088 711 604 578 923 1076 1467 1531 1343 1151 1722 734 1067 1255 987 1282 1017 1350 559 1174 1541 1635 1503 1086 1058 1019 1235 615 130 679 1308 808 297
60 7 25 21 0 0 0 0 5 103 712 659 565 323 371 1063 881 1387 1000 321 905 280 46 71 373 392 710 756 1237 1576 2071 2136 2072 2595 2846 3061 2552 1847 1695 1928 1304 1188 1287 1559 2998 2860 2248 2104 1946 2068 1742 1579 1502 1432 1439 1627 1345 1296 1213 1624 1375 821 1101 885 1459 1328 1077 1293 1515 653 1073 1075 1377 1534 1010 494 862 1466 1248 1232 1087 660 1564 1269 668 645 426 1313 927 812 919
55 17 36 0 0 0 46 73 95 479 946 763 993 960 1135 594 493 1356 896 951 530 1521 1177 91 260 380 454 640 768 871 1344 1876 2149 2305 2548 2235 1714 1012 847 724 887 1752 2454 2690 2799 2721 2831 2303 1938 1744 1802 1721 1555 1918 1990 1774 2156 2238 1583 1014 1236 1602 1284 1359 1189 1655 1223 1458 1360 603 1378 1468 1184 796 628 1423 1430 1186 1150 1265 697 1537 480 255 119 379 898 575 1203 1849 1519
40 36 3 0 0 2 50 82 490 979 1219 895 909 1262 1228 1459 266 1707 1275 841 1792 1601 1307 60 94 935 1199 1481 1523 1523 1502 2333 2527 2544 2528 1356 727 405 559 1375 2033 1896 2055 2725 2605 2150 1894 2099 1420 1493 1566 1498 944 1613 1466 1838 1990 1640 1124 1395 1486 1944 1668 1303 1743 1799 1620 937 1275 667 1438 1628 1010 510 1590 1178 1791 1198 1817 1189 1157 107 311 896 1346 1028 1007 1474 1070 932 1695
34 70 0 0 44 24 84 149 160 94 460 1063 1175 972 930 1709 1090 795 1340 1473 1326 1469 321 62 99 660 1055 1320 2227 1716 1491 1884 2189 2028 1704 1167 235 440 1065 1129 1241 2231 2318 2701 1849 1763 1176 1088 983 944 906 695 750 860 1222 1396 1425 1689 1548 858 964 1464 1675 1993 1479 1466 1425 1246 1242 1217 963 1477 1475 712 770 1208 1330 1387 1189 1322 100 1013 1415 1566 1687 1410 1586 1571 1955 1102 1273
21 31 0 83 63 85 114 512 1026 630 471 110 708 1826 868 1879 1489 1166 1212 1498 1175 1109 71 75 225 1437 1773 1854 2287 2136 1790 1728 1344 1629 925 116 41 644 456 686 1363 1428 1573 1931 1918 2052 1429 1145 674 1105 574 695 1091 1357 1073 1158 1171 1079 1116 620 1460 2072 1359 1574 1040 758 639 1618 1326 1330 1630 1574 1097 472 372 514 480 447 529 814 95 1378 1287 1597 1997 1063 1086 1417 1961 1810 952
0 0 0 18 54 92 144 272 425 804 1460 820 133 1472 1476 1411 1299 1291 875 1679 1466 98 283 828 428 819 1410 1765 2040 2357 1897 1211 1566 1288 610 -3 20 -3 707 1570 1320 1845 2237 1422 1300 1162 621 1059 475 379 470 555 1060 1172 771 1093 1733 759 1246 1064 325 728 1088 1074 1917 1414 649 1601 1142 1245 1192 1367 500 1287 1190 949 1288 941 596 360 94 1086 1109 1318 1553 1383 676 1637 1563 795 605
0 26 28 43 64 107 441 664 933 743 784 1201 1045 190 1380 1276 1262 1656 1313 1136 822 214 354 1326 727 668 1744 2203 2125 2363 775 1181 1374 792 -3 -3 178 821 1252 954 1292 1888 1424 497 660 461 649 160 232 305 544 1284 560 495 893 1463 1253 103 710 891 911 1211 1232 1284 1875 1448 1457 697 587 932 1203 1199 1419 1077 1449 1856 940 1138 1185 87 659 1306 1308 1328 1225 1490 1032 562 577 711 1739
0 6 21 55 106 317 870 869 1443 527 867 1195 1862 1454 633 396 1301 1697 1561 1553 895 342 600 1178 996 1635 1105 843 1328 109 777 1313 355 -3 223 113 445 993 162 445 1080 633 1190 871 247 42 -1 130 358 514 578 775 525 7 505 91 7 6 13 51 202 1032 1552 1298 1330 1107 842 958 1042 1328 1187 1145 1732 1909 1549 1214 1168 940 903 78 291 1137 975 1529 1494 1692 941 282 1458 1750 1192
0 1 3 43 147 345 652 1135 1380 814 905 750 897 1187 992 1294 1055 1597 1075 636 381 587 1293 1335 990 1649 1703 203 204 0 913 648 -3 74 3 6 226 930 347 6 554 32 423 421 174 -1 -3 145 525 800 834 1032 6 0 0 0 0 0 0 12 9 722 1442 1737 156 288 641 764 744 597 583 672 1126 1297 1612 1474 1399 1409 1194 664 153 281 1436 1888 1047 1479 1071 516 430 428 685
0 0 0 1 95 654 886 1273 1025 903 840 548 482 1048 1213 1486 1588 1858 1487 1071 872 799 996 1846 512 164 0 0 273 0 524 503 -3 9 58 1110 322 871 -3 401 840 407 619 632 309 491 -1 430 96 838 20 193 0 801 549 571 671 641 690 838 304 35 56 82 953 1315 295 1362 1288 1001 1316 559 312 252 229 336 557 1038 962 904 315 124 963 1217 1249 275 251 332 536 1146 1492
0 0 0 0 0 5 516 899 660 552 511 1178 816 1198 1410 589 448 1233 493 1105 1491 1508 1325 892 1007 770 0 714 761 0 0 0 -3 354 457 452 288 24 -3 77 219 176 544 486 420 346 0 0 278 629 0 0 331 25 16 863 1379 973 243 1090 1005 243 765 670 985 1516 429 1274 1283 1567 925 1433 946 225 404 343 95 107 90 67 69 65 69 343 76 172 255 106 265 430 462
0 0 0 0 0 0 0 0 0 36 959 623 923 908 104 353 443 635 324 595 312 948 1404 1205 221 0 578 509 495 0 0 0 370 110 1074 759 387 500 0 398 352 58 10 0 347 0 81 0 89 0 0 0 388 238 824 858 114 557 994 1303 1096 489 623 1226 802 845 779 1184 1293 1418 1308 681 800 597 1215 595 513 612 680 665 804 58 55 60 547 1014 1052 1136 1014 391 440
0 0 5 661 990 929 0 0 0 0 0 47 0 0 181 1032 735 909 58 51 485 445 1146 519 871 945 327 0 0 0 0 52 280 735 639 412 75 462 0 157 0 26 287 0 15 0 0 0 0 0 0 195 15 0 486 86 717 400 640 864 746 676 1178 722 1100 1128 951 1030 1785 1230 941 881 1491 851 1069 547 1345 841 1545 1365 829 88 51 64 63 1413 1411 763 1850 1577 1009
6 6 146 718 757 810 174 565 1168 507 268 81 127 0 7 0 766 283 17 702 49 706 1637 1256 465 313 647 20 0 0 0 56 371 390 448 0 107 0 0 0 13 34 0 252 17 0 0 0 0 0 30 0 225 519 276 534 466 1018 116 89 94 617 863 780 522 1634 1392 1506 1933 1115 1057 1190 1495 1082 1096 698 764 1441 1372 1390 1094 1145 172 56 60 393 1034 1419 1118 1356 1431
13 62 368 396 758 1070 345 875 603 422 587 764 1093 142 740 150 7 8 841 1143 872 365 735 427 594 5 86 0 0 0 429 349 60 287 539 26 0 201 0 0 0 0 0 0 0 0 0 0 0 0 42 135 0 321 0 633 228 413 0 0 25 217 261 788 781 750 541 1215 1495 1492 1010 865 1706 2120 1315 1252 1556 1350 1274 1234 1012 1554 809 201 53 47 126 271 1114 890 1128
66 156 701 368 822 810 292 1062 693 486 908 962 883 839 149 273 9 9 987 799 962 1037 126 214 0 40 26 0 0 0 32 263 182 0 15 48 0 0 0 0 0 0 0 0 0 0 0 0 0 0 326 89 0 0 150 92 28 39 0 56 282 154 7 219 137 445 347 1152 1058 348 609 1406 1084 873 1204 1449 1361 1172 967 1381 706 624 818 792 76 45 259 497 131 933 1166
96 196 479 580 1133 529 482 1080 955 406 417 548 833 366 733 791 11 633 25 54 647 0 212 158 176 0 0 0 0 0 0 87 0 0 0 0 0 0 0 0 0 0 0 0 0 0 0 0 0 0 0 0 0 0 0 0 0 43 67 709 827 367 815 916 837 777 1317 601 768 424 498 1069 123 828 984 1089 1287 862 746 613 517 394 241 92 70 45 678 301 1270 987 471
393 662 619 704 1058 466 1064 978 1106 282 540 546 220 1076 964 662 14 124 767 297 756 793 0 24 32 71 0 0 0 176 0 0 159 0 0 0 0 0 0 0 0 0 0 0 0 0 0 0 0 0 0 0 0 309 199 366 43 93 675 0 46 0 0 532 670 719 860 561 1082 999 221 205 184 872 1003 1101 1279 1162 1126 1378 899 860 706 140 52 648 750 1096 1175 690 803
405 899 1078 1056 853 834 911 1131 1261 448 1303 1007 361 362 897 194 40 338 1319 1421 902 0 0 566 491 164 0 201 42 114 0 0 57 239 0 0 0 0 0 0 23 158 0 0 0 0 0 0 0 0 0 0 20 0 88 10 9 0 0 0 188 475 791 0 481 9 770 981 378 14 1049 1199 1042 713 629 728 1409 1515 804 620 1098 547 47 39 315 612 364 146 352 427 551
392 295 762 1029 1034 1075 1156 909 1119 739 1047 1325 670 1116 1482 552 928 423 701 833 569 0 643 865 29 0 0 183 405 80 0 0 0 0 0 0 0 0 0 0 24 0 0 0 0 0 0 0 0 0 0 0 0 0 0 0 0 0 0 50 73 0 0 429 30 3 476 90 1 827 430 801 399 444 730 1297 1129 1242 1080 741 190 65 60 39 180 178 251 330 407 454 653
464 890 1013 563 710 783 1049 1325 415 1090 774 1065 785 658 1257 418 1141 924 741 1100 820 1051 443 874 371 125 423 495 206 0 0 0 0 0 0 0 0 0 0 0 0 0 0 0 0 0 0 0 0 0 0 0 0 0 0 0 0 0 0 0 0 0 0 0 23 0 0 3 247 147 390 99 285 872 960 866 1298 975 391 140 24 34 348 938 780 656 764 482 493 542 1008
796 669 912 599 1372 1273 912 330 1073 1224 1137 1134 696 803 463 909 712 1064 1552 1489 1586 1295 423 205 76 195 210 252 0 0 141 0 0 0 0 0 0 0 196 0 0 0 0 0 0 0 0 0 0 0 0 0 0 0 0 0 0 0 0 0 0 0 0 92 142 123 0 481 246 460 37 35 367 389 688 878 749 643 453 55 21 27 325 254 768 1295 1039 1093 1028 798 915
576 654 570 733 673 1362 348 375 336 791 555 180 1166 946 741 632 1142 1190 1510 651 734 592 357 0 0 0 57 0 0 147 65 232 0 0 0 0 0 73 0 0 0 0 0 0 0 0 0 0 0 0 0 0 0 0 0 0 0 0 0 0 0 116 133 480 0 0 133 417 2 14 21 153 52 48 116 441 1123 1125 11 19 17 22 105 916 1036 505 675 913 1231 989 500
270 204 356 159 126 178 417 566 1408 464 409 315 585 1608 1228 1303 1080 801 1030 654 1177 502 0 500 833 25 174 0 417 27 631 318 0 0 0 0 229 37 0 0 0 0 0 0 0 0 0 0 0 0 0 0 0 0 0 0 0 0 65 74 206 148 0 0 0 233 751 5 5 8 11 23 28 233 598 447 102 5 10 13 12 14 18 35 58 356 752 630 219 254 144
1032 171 952 364 977 126 1130 1010 588 818 693 366 1327 841 730 1018 652 1168 808 552 88 0 758 1025 571 133 22 376 494 50 14 30 72 0 0 0 95 0 0 0 0 0 0 0 0 0 0 0 0 0 0 0 0 77 12 12 121 0 28 0 0 0 0 0 101 4 0 2 4 5 6 8 11 11 28 10 25 10 14 12 8 12 18 20 26 42 63 69 91 111 225
974 443 1403 1010 355 414 126 635 405 249 142 418 1052 888 1045 1055 644 1310 1459 754 112 419 901 952 1028 461 442 205 387 275 64 482 0 0 33 4 502 1 0 0 0 0 0 0 0 0 0 0 0 0 0 0 138 214 512 196 70 2 41 96 5 0 0 0 0 0 0 0 0 0 0 0 6 6 5 9 5 6 4 4 11 16 20 25 30 39 52 156 82 296 314
118 209 444 1200 1298 371 748 947 288 654 446 710 1601 938 338 1102 416 791 394 409 1211 1270 1435 913 776 502 711 156 75 61 0 0 0 0 211 24 0 294 0 0 0 0 0 0 0 21 0 0 0 0 0 9 347 16 268 139 194 287 232 29 6 0 0 0 4 7 0 0 0 0 0 7 2 8 7 8 7 4 4 4 12 15 87 580 74 279 350 247 181 245 443
120 696 367 212 561 910 1007 982 676 729 210 482 1748 1299 566 387 942 487 549 871 1455 1194 911 784 772 356 207 257 153 0 104 168 0 36 40 0 97 0 0 0 0 0 0 0 197 48 58 0 0 0 0 0 2 0 12 524 116 0 0 0 0 0 0 0 0 0 0 0 0 0 0 0 0 1 6 1 1 1 1 8 7 8 8 6 647 42 123 260 7 408 11
120 999 874 976 316 165 430 1504 893 933 405 144 402 349 698 959 1018 397 809 1540 1370 1259 944 650 434 482 133 355 0 0 88 31 0 0 191 656 293 0 0 0 0 6 0 0 106 259 0 37 19 0 0 0 67 159 524 0 0 0 0 0 0 0 0 0 0 0 0 0 0 0 0 0 2 0 0 0 0 0 3 6 7 4 9 82 259 320 109 110 0 6 7
628 1218 578 1492 1077 361 177 439 667 914 577 232 1156 1520 1093 684 479 1086 1329 1270 1389 1400 810 694 466 556 0 0 186 0 0 0 0 274 724 486 0 0 0 0 63 0 0 0 33 70 519 293 0 0 0 0 1 322 0 0 0 0 0 0 0 0 0 0 0 0 0 0 0 0 0 0 0 0 0 0 0 0 0 0 0 0 3 7 311 305 18 45 342 168 128
865 1094 1369 808 1148 1253 577 240 1012 961 327 222 219 1120 1204 361 957 1108 1039 1348 1400 1160 912 901 785 910 0 0 246 0 65 0 0 0 0 322 0 0 0 0 0 0 0 20 354 504 57 0 0 0 0 0 0 0 0 0 0 0 0 0 0 0 0 0 0 0 0 0 0 0 0 0 0 0 0 0 0 0 0 0 0 0 0 19 298 64 87 229 392 182 6
