src/200x150Elev.asc
ncols        200
nrows        150
xllcorner    -156.003330000000
yllcorner    58.996670000000
dx           0.065033300000
dy           0.040044400000
NODATA_value -32768
[rows 0 to 39 of 150, columns 91 to 181 of 200]
444 417 274 273 127 92 94 95 96 94 96 96 96 97 96 97 96 99 96 100 99 107 120 232 479 422 467 441 267 306 210 373 358 480 469 433 391 343 367 307 485 650 497 395 476 557 261 231 450 405 460 658 430 554 379 617 494 466 318 322 340 343 527 467 665 701 337 357 450 609 683 841 995 833 713 959 748 1065 1212 1569 1081 1235 1352 1092 1032 715 779 1210 1006 1033 881
362 327 296 248 95 95 97 95 100 93 96 98 99 94 97 98 99 97 97 97 99 113 270 542 389 732 795 713 393 310 423 343 567 281 294 229 207 218 437 338 405 242 297 243 314 183 211 303 411 459 503 491 447 276 374 298 522 403 252 251 263 274 284 297 309 422 422 493 735 574 725 643 871 882 749 725 933 1105 993 1096 1475 1322 1245 1392 846 701 1045 979 923 979 729
303 347 194 94 93 92 95 95 96 95 97 101 98 101 98 98 99 98 93 94 99 140 329 532 396 455 266 283 240 145 240 317 194 190 184 335 254 261 257 234 326 279 173 159 158 304 311 318 312 221 202 215 255 207 209 216 294 231 329 707 748 519 296 602 450 599 614 703 688 636 830 822 867 666 694 563 802 977 950 1035 1296 1477 1110 1010 820 1042 837 651 769 960 842
327 178 225 92 94 94 90 107 90 95 97 107 101 103 96 100 99 98 98 98 101 414 627 463 344 234 151 193 161 448 571 448 233 160 151 135 137 256 220 148 145 147 148 151 178 189 201 183 176 178 183 254 225 204 503 458 447 535 527 1018 710 534 525 344 643 562 811 778 827 1122 767 735 1074 934 693 827 1004 1183 1196 1151 837 949 826 637 645 601 613 966 1157 988 1083
162 152 235 92 92 94 94 95 95 96 97 98 98 101 100 101 101 96 100 101 274 331 414 377 180 166 132 136 186 447 348 202 305 131 129 134 135 138 139 141 143 143 149 155 160 236 164 166 183 214 299 235 496 352 235 474 410 599 712 799 739 596 427 739 565 471 738 734 587 706 507 631 659 719 562 791 876 866 1049 1191 1099 728 697 1078 1146 585 812 912 688 758 994
85 126 187 86 98 93 95 95 96 97 98 98 101 101 100 102 100 100 104 113 272 237 200 142 123 153 170 364 447 298 214 335 126 129 133 135 133 138 141 141 144 148 149 150 153 161 173 214 286 223 459 440 402 352 335 328 387 482 475 470 488 419 479 617 687 526 776 864 751 654 880 878 592 723 1114 736 620 845 789 789 1090 968 1238 674 517 650 740 606 769 1216 1282
120 91 91 95 101 94 95 96 99 99 102 105 109 97 103 104 101 102 104 129 133 180 179 180 257 239 211 208 225 133 136 131 129 130 132 134 137 139 143 145 144 150 154 156 152 161 176 360 298 489 527 438 437 386 299 254 447 517 528 424 552 727 746 659 574 896 641 556 772 791 629 745 715 465 585 872 945 1378 1297 989 1103 748 611 490 823 776 657 747 1071 723 1277
94 93 91 93 95 95 96 102 106 111 110 117 119 103 100 104 104 108 107 195 210 310 343 209 160 174 188 123 121 125 127 131 129 131 134 135 138 141 145 149 151 154 157 158 160 162 175 194 221 284 245 353 571 467 287 354 546 693 383 453 432 471 782 932 656 476 418 511 725 592 777 777 886 540 522 745 735 1085 821 776 631 470 643 883 949 733 761 1333 1061 1060 1003
94 92 96 95 96 100 112 121 123 119 126 130 120 103 105 105 111 121 192 158 170 177 201 285 119 264 123 120 123 125 131 129 131 135 137 140 141 146 148 152 153 157 160 160 163 161 166 195 290 438 424 473 514 416 466 610 503 659 682 756 680 518 374 445 439 504 543 320 324 392 522 763 692 374 576 947 790 1033 601 436 708 596 632 897 683 1147 1035 1686 1001 1416 969
100 98 102 106 114 121 128 133 123 124 133 133 118 107 104 107 329 262 225 234 115 118 119 118 118 120 123 125 128 130 132 135 135 138 142 146 147 151 152 156 159 161 165 166 171 170 171 171 191 226 442 611 419 603 688 513 481 337 591 486 371 345 306 291 304 422 403 620 497 686 561 391 723 483 378 386 426 630 600 757 919 1270 1165 1288 811 939 1106 1284 1508 1264 1262
120 122 113 121 124 131 121 150 150 121 134 133 118 109 108 409 188 109 215 112 116 109 114 117 122 123 129 132 134 136 137 137 139 144 147 151 150 155 157 160 164 168 168 170 174 175 177 179 221 216 420 628 538 525 435 350 317 409 460 280 267 286 469 446 368 484 546 690 1123 675 761 725 491 870 754 968 980 689 847 1050 1060 1601 1549 1425 1023 1117 1324 999 1124 1133 972
121 154 126 155 166 152 153 153 138 124 117 115 113 113 112 111 110 112 114 116 117 120 123 124 130 133 137 138 142 145 148 144 150 152 156 157 159 161 163 169 172 176 178 179 179 182 182 262 211 232 291 239 275 497 461 594 353 250 253 296 381 414 410 358 401 661 728 1288 1066 695 627 490 893 762 543 609 663 881 789 762 1044 1299 1099 1146 956 779 720 876 628 830 774
164 155 152 154 159 163 156 143 128 126 122 123 120 120 119 119 121 121 124 129 127 129 134 135 139 142 142 148 151 153 155 161 161 164 169 168 169 171 170 172 179 182 186 187 189 190 190 190 208 305 345 306 363 411 230 232 250 254 338 353 548 789 550 379 614 652 914 1073 1097 782 816 657 786 909 682 772 808 779 552 688 659 609 642 709 514 507 551 612 606 766 647
154 154 150 141 160 166 149 136 135 132 127 128 128 127 121 125 128 130 134 138 138 139 144 146 150 150 151 153 157 165 164 170 175 177 180 182 186 186 190 175 183 190 196 197 198 197 196 199 204 208 214 226 254 312 264 264 301 266 401 407 390 437 591 492 712 588 1018 980 697 707 621 732 707 492 689 836 1189 869 497 653 813 772 580 657 865 906 960 844 810 647 659
172 173 168 146 175 152 145 141 147 144 135 137 138 136 131 129 134 137 144 150 150 150 155 159 161 163 164 169 169 173 175 179 187 193 196 201 205 208 208 210 207 229 219 211 209 209 202 206 313 218 329 282 452 383 269 331 476 347 320 328 329 359 566 675 860 638 625 462 616 525 633 411 418 631 809 669 898 821 715 553 654 955 1139 1196 1202 1133 1046 1031 870 820 939
162 160 161 155 164 156 157 156 152 148 146 150 149 148 141 141 142 147 154 161 162 164 164 173 176 179 180 183 182 186 187 193 201 208 216 223 228 234 235 238 233 312 257 257 226 224 216 211 212 290 423 541 363 315 567 453 862 612 424 610 540 455 476 508 631 605 536 569 404 350 340 468 651 454 635 649 609 639 381 503 511 767 604 983 736 751 1072 956 932 788 1199
155 155 171 177 177 174 165 163 161 158 159 164 166 162 156 151 156 161 166 175 179 179 173 183 194 198 204 206 206 204 201 205 216 228 237 248 258 262 263 267 275 282 281 333 294 248 230 224 218 223 313 351 361 440 555 434 497 505 557 593 435 406 463 418 385 360 376 362 318 316 456 378 691 684 533 826 493 377 617 621 954 969 588 915 855 729 806 998 1186 1077 1215
167 243 283 254 184 179 174 176 174 174 178 180 181 178 170 164 168 178 189 197 198 194 187 193 209 227 232 239 234 230 231 231 238 248 261 274 287 295 298 298 305 307 314 311 303 275 257 239 231 232 235 235 259 325 407 392 424 283 421 528 343 290 288 290 296 295 298 303 387 320 468 686 1065 641 573 357 795 959 1123 1164 1196 907 1097 1062 913 799 942 727 941 1004 1086
175 287 341 237 195 194 198 196 190 190 197 201 203 196 191 181 183 198 212 226 224 217 205 212 235 254 272 277 272 270 272 276 278 288 288 301 321 332 337 341 340 340 343 336 327 307 325 323 324 302 291 266 241 245 248 252 258 263 265 367 280 280 283 284 289 292 296 334 528 390 494 471 504 676 433 351 477 946 783 552 565 491 879 742 799 599 775 955 1392 1285 1110
189 193 221 208 208 218 226 225 219 208 217 227 222 221 219 227 262 265 271 260 405 637 454 395 377 299 316 318 315 336 335 347 365 359 360 362 353 366 380 381 373 372 381 379 374 351 386 364 348 323 327 304 325 348 324 334 350 361 455 272 277 281 285 292 295 289 403 379 411 482 475 355 357 337 355 325 341 420 544 388 421 523 498 574 412 642 645 903 576 586 949
207 210 228 227 240 288 280 314 413 467 315 458 235 381 710 491 627 464 926 737 437 551 682 659 581 662 588 559 567 459 451 473 464 476 675 744 629 439 415 433 418 411 422 424 419 421 419 414 393 369 351 363 368 363 332 317 329 319 314 307 292 286 291 294 308 503 305 306 308 310 316 490 419 329 322 477 381 465 643 367 595 442 570 388 721 539 650 702 854 1023 1145
224 226 239 253 309 336 302 421 451 538 531 405 250 368 494 615 752 703 784 707 714 435 602 574 629 583 518 449 572 649 701 819 532 551 554 598 654 543 522 490 485 461 460 463 451 468 466 465 436 418 379 402 411 378 361 349 344 345 333 341 334 337 298 308 310 311 315 309 309 309 311 390 319 318 320 512 619 634 451 763 610 691 845 440 470 556 844 886 959 1246 1161
248 249 261 348 397 364 318 450 408 517 504 444 299 266 458 574 692 661 618 517 464 568 696 630 619 740 633 592 533 675 709 865 996 685 799 761 708 647 600 556 574 543 531 514 517 548 558 538 505 471 410 472 474 441 413 387 369 408 376 336 331 349 327 330 325 322 329 324 313 312 314 317 321 323 325 463 556 344 370 469 844 924 802 572 719 638 485 802 897 941 730
277 275 345 394 346 428 374 427 434 439 469 473 407 328 296 512 659 830 882 932 673 799 1139 1102 906 704 784 705 560 720 900 953 992 1060 1017 1166 926 764 541 699 896 758 762 566 909 914 744 719 682 476 556 574 550 517 448 427 422 409 445 393 351 350 381 364 341 343 339 361 341 320 313 318 320 323 325 333 331 334 337 518 398 441 359 732 529 772 981 582 555 612 613
307 381 416 392 430 416 448 385 491 600 637 620 616 419 300 382 673 651 810 687 653 668 675 683 825 1013 974 743 631 779 1065 875 1185 1296 1296 1065 765 570 698 817 852 895 860 910 998 951 995 799 680 523 615 709 734 625 521 474 452 450 452 459 409 376 374 412 436 361 353 362 376 349 335 335 327 325 329 332 336 339 339 341 342 469 398 486 562 629 570 374 531 649 671
332 463 397 398 463 504 591 610 538 670 693 981 901 719 377 409 556 1005 939 786 685 890 1012 1033 893 1000 956 991 977 907 1208 1158 1106 1076 1161 708 665 1026 1274 1282 1523 1146 1005 831 1231 1110 1084 1078 880 542 1070 1059 861 697 608 501 504 487 465 490 474 404 403 405 395 376 369 388 387 392 368 358 350 332 332 335 339 344 347 346 344 343 343 344 346 350 430 584 551 696 458
461 480 455 592 766 892 1036 862 626 595 730 975 855 695 509 349 540 693 718 702 675 755 826 894 1030 1156 1249 1164 1514 1117 1352 1489 1257 1218 692 1211 1216 990 1379 1348 1021 1009 901 884 971 1052 735 670 623 612 681 649 610 573 573 565 539 524 497 482 530 449 525 512 398 392 445 436 428 419 403 391 377 362 347 340 345 347 352 353 391 476 410 363 615 549 608 588 781 670 1053
573 615 681 514 635 674 672 602 579 590 531 583 647 569 471 469 364 522 676 825 713 809 1078 1309 1386 1318 1258 1210 1479 1331 1386 1315 1240 1119 735 1416 1738 1521 1549 1518 1341 1550 1196 1185 910 760 696 659 635 723 732 679 675 640 658 637 587 549 535 550 533 548 556 420 415 524 485 487 465 451 438 418 399 380 363 363 363 355 359 361 414 546 475 693 530 432 495 781 742 921 965
476 502 588 513 522 565 573 581 531 601 565 662 732 745 697 531 454 533 517 470 735 813 707 1415 1048 1060 1366 1036 1638 1596 1382 1694 1565 780 903 1224 1124 1331 1591 1437 1506 1317 909 1145 1194 825 738 855 843 850 713 830 1075 830 724 751 777 734 748 664 600 642 546 437 484 597 560 505 522 489 477 451 424 405 389 385 395 399 391 374 373 372 383 380 675 573 414 639 694 579 745
527 546 561 593 591 614 735 728 594 872 635 795 902 762 695 866 758 659 686 629 1223 1335 1174 1266 1639 1285 1129 1290 1456 1361 1117 876 913 1206 1581 1832 1781 1884 1624 1368 1113 1015 1293 1474 1271 1144 853 835 1268 1238 801 1208 1671 1375 1055 725 924 850 802 735 684 660 458 474 560 688 566 554 590 536 609 1308 1127 560 417 423 440 449 429 407 478 382 436 391 793 413 385 442 524 639 487
567 592 609 674 768 646 873 792 688 730 758 729 880 1095 1310 1374 1598 971 914 1033 1219 728 879 824 861 1394 1756 1530 1074 1306 1217 910 1161 1542 1510 1864 1670 2106 1881 1579 1358 1506 1782 1842 1436 1300 1072 1636 1500 1168 816 1678 1188 1088 1075 791 1032 1041 1067 846 765 605 496 509 932 811 646 621 672 983 1324 1392 1273 1314 687 488 511 478 492 520 434 409 384 387 384 384 454 623 455 421 417
685 730 639 923 969 784 995 1262 801 757 1063 1101 1043 1157 1191 1127 977 652 570 803 838 1070 1252 1241 849 1061 1088 930 950 1453 1330 1297 1160 1134 1458 1312 1114 1148 1372 1813 1395 1955 2122 1847 1833 1319 956 917 949 1121 1010 1130 1279 1261 929 1176 908 1080 1007 864 801 627 574 503 647 734 752 892 816 1145 1085 1216 1488 1150 1248 646 569 638 599 508 819 511 505 395 387 411 501 523 450 409 486
778 914 976 779 1039 912 1289 802 785 799 944 904 823 889 909 895 822 595 487 682 1262 1153 895 941 743 696 800 1123 1165 1477 1319 1467 1286 1676 1254 1522 1529 1479 1439 1857 1409 2291 2221 2195 1922 1175 1812 1620 2118 1289 1517 1530 1285 1162 1259 1252 961 1262 1072 1137 924 775 557 520 599 843 982 750 933 912 1072 1384 1777 1544 1415 1195 570 793 602 916 870 461 439 439 400 399 404 404 406 409 411
1198 1221 1265 919 1072 1118 949 776 906 856 866 968 1129 1394 1254 1053 1192 773 801 547 571 577 598 605 724 819 635 739 1255 1033 1187 1386 1728 1705 1352 2048 2196 1693 1817 2195 2233 2142 1966 1641 1447 1391 1850 1685 2823 2573 2062 2295 1496 1583 1756 1681 1139 1383 1465 1640 1082 933 665 573 545 918 1025 818 960 1032 1050 1075 1530 1248 667 690 1287 1054 619 1243 521 787 509 450 573 643 505 486 601 590 450
1165 1495 1081 964 1091 1523 1266 871 945 1002 876 1396 1230 1182 1101 1160 1059 1355 808 613 667 746 856 802 1073 1398 1114 736 666 979 1474 1279 1167 2005 2006 1321 1634 1681 2458 1538 2360 1918 1840 3550 3408 2809 2194 2040 2315 2969 2092 3417 2527 2672 2032 2028 1326 1494 1737 1391 1229 1154 877 571 592 926 1271 1057 894 1388 1485 1857 858 718 1318 1322 1356 1267 941 982 546 1438 1394 1162 1142 822 691 643 767 793 614
826 1383 1109 880 1326 1661 1279 1299 932 1591 1036 1138 1399 1402 1484 1393 965 832 990 644 1234 1271 842 1217 974 1336 935 1399 1270 856 1145 986 781 1127 997 1108 1450 1807 1536 2285 2083 2090 1761 1549 1806 1653 1943 1893 2056 1872 2105 2036 2610 2353 2038 1775 2828 2079 2314 1809 1277 1310 1483 718 607 1048 1562 1932 1470 1465 1269 1388 1303 1376 1618 1629 1432 1846 1154 683 601 1081 1307 1314 1290 1111 795 1292 840 1044 896
890 1530 1362 1188 1020 1238 1309 977 1350 1356 1444 934 1774 1517 1486 1369 1239 1213 1261 596 1211 1579 1421 1077 1189 1542 1444 1254 1331 1258 1192 1402 1572 1162 1997 1515 2142 1458 2163 1823 1565 1579 1295 1379 1467 1808 1520 1505 1278 1828 2018 1780 2132 2217 2750 2707 3245 2923 2300 1668 1631 1278 1047 1193 638 995 2002 1118 1602 2161 1352 2636 1786 1932 2388 2467 1943 1731 918 824 650 1044 1255 1887 1678 1409 1159 1133 882 756 823
975 1017 1332 1188 1123 1288 1216 1362 1341 1918 1203 1347 1080 1215 1494 1221 1232 1161 1122 794 1280 1442 1560 1666 1396 1621 1530 1014 1167 1158 1397 1351 1422 1249 1241 1042 1029 1300 1520 1219 1128 1240 1307 1730 1748 1252 960 1429 1766 1516 1569 1978 1732 1867 1829 1729 1672 1504 1741 1943 1966 2168 1624 715 677 965 1788 1434 2097 2078 2418 1979 1795 2038 2348 2322 2000 1208 1282 2021 707 890 1521 1732 2093 1711 1509 1404 1051 922 650
1071 1745 1305 1596 1780 2037 1716 1168 1632 1555 1489 1432 1474 1231 1486 925 1185 1275 809 614 755 810 940 911 947 1392 1308 1361 917 1063 924 982 1507 1200 1057 956 1595 1372 1538 1014 1678 1353 1403 1514 862 857 1205 1197 1515 1433 1773 2161 2061 1960 1825 2358 2356 1476 1734 1187 1073 895 1005 1685 1066 728 1238 1520 2000 1452 1830 2547 1982 1827 1965 1538 1934 1809 1613 806 976 1820 1625 1211 1956 1689 1915 2243 1612 919 599
1238 1933 1356 1341 1972 1999 1604 1334 1684 1365 1441 1237 1363 907 1023 1223 803 774 714 1054 1343 1052 636 892 839 1025 958 1073 895 966 1350 1406 1207 1087 885 900 1167 1636 975 876 1492 1186 1098 923 807 1225 1382 1637 1790 1763 1131 2065 2003 2089 2124 1989 2096 1700 1792 2110 1522 1496 1772 1421 1092 772 734 1211 1007 1454 1517 2696 1856 2684 2084 1788 2048 1599 1045 2145 1127 1431 1846 1751 1997 1849 1332 1413 805 691 927
